			 54 34 216.138   11 56 261.459  
			 54 34 236.240   11 56 191.921  
			 54 34 243.502   11 56 160.781  
			 54 34 253.942   11 56 127.598  
			 54 34 260.782   11 56 96.639  
			 54 34 265.700   11 56 86.440  
			 54 34 272.842   11 56 51.518  
			 54 34 275.839   11 56 15.222  
			 54 34 276.442   11 55 993.738  
			 54 34 272.857   11 55 972.087  
			 54 34 268.180   11 55 901.136  
			 54 34 271.232   11 55 876.720  
			 54 34 272.042   11 55 859.052  
			 54 34 271.368   11 55 839.454  
			 54 34 271.680   11 55 820.142  
			 54 34 270.272   11 55 801.182  
			 54 34 269.336   11 55 784.787  
			 54 34 268.346   11 55 769.765  
			 54 34 267.093   11 55 755.256  
			 54 34 264.010   11 55 748.728  
			 54 34 261.808   11 55 743.287  
			 54 34 259.555   11 55 737.272  
			 54 34 258.192   11 55 730.281  
			 54 34 257.317   11 55 721.596  
			 54 34 257.935   11 55 715.179  
			 54 34 265.077   11 55 645.430  
			 54 34 265.172   11 55 644.544  
			 54 34 265.404   11 55 643.051  
			 54 34 265.640   11 55 641.990  
			 54 34 265.916   11 55 641.155  
			 54 34 266.661   11 55 640.330  
			 54 34 266.832   11 55 637.534  
			 54 34 267.420   11 55 633.314  
			 54 34 268.401   11 55 629.814  
			 54 34 269.241   11 55 629.266  
			 54 34 270.221   11 55 629.070  
			 54 34 270.961   11 55 628.999  
			 54 34 271.615   11 55 629.563  
			 54 34 271.886   11 55 629.925  
			 54 34 272.495   11 55 630.835  
			 54 34 272.822   11 55 631.630  
			 54 34 273.179   11 55 633.234  
			 54 34 273.123   11 55 634.667  
			 54 34 271.685   11 55 647.557  
			 54 34 270.423   11 55 658.289  
			 54 34 267.727   11 55 682.590  
			 54 34 265.806   11 55 699.603  
			 54 34 263.749   11 55 718.337  
			 54 34 263.271   11 55 725.207  
			 54 34 263.578   11 55 730.291  
			 54 34 264.262   11 55 734.591  
			 54 34 264.921   11 55 737.855  
			 54 34 266.158   11 55 740.702  
			 54 34 269.653   11 55 749.442  
			 54 34 278.328   11 55 769.458  
			 54 34 282.276   11 55 764.424  
			 54 34 287.270   11 55 757.967  
			 54 34 288.261   11 55 759.873  
			 54 34 280.657   11 55 769.840  
			 54 34 304.374   11 55 820.187  
			 54 34 311.928   11 55 836.185  
			 54 34 325.884   11 55 821.359  
			 54 34 326.508   11 55 820.419  
			 54 34 326.694   11 55 820.147  
			 54 34 326.880   11 55 819.800  
			 54 34 329.138   11 55 816.757  
			 54 34 330.732   11 55 814.640  
			 54 34 332.462   11 55 811.074  
			 54 34 325.054   11 55 801.549  
			 54 34 326.281   11 55 799.095  
			 54 34 331.788   11 55 806.131  
			 54 34 337.496   11 55 795.811  
			 54 34 358.629   11 55 756.875  
			 54 34 306.783   11 55 715.787  
			 54 34 292.063   11 55 731.041  
			 54 34 289.307   11 55 733.963  
			 54 34 287.889   11 55 733.580  
			 54 34 287.069   11 55 731.428  
			 54 34 287.285   11 55 728.969  
			 54 34 290.273   11 55 725.891  
			 54 34 291.299   11 55 728.833  
			 54 34 309.132   11 55 709.968  
			 54 34 357.628   11 55 747.436  
			 54 34 360.002   11 55 740.918  
			 54 34 363.774   11 55 731.654  
			 54 34 352.569   11 55 709.400  
			 54 34 327.775   11 55 690.395  
			 54 34 329.394   11 55 683.254  
			 54 34 356.044   11 55 699.151  
			 54 34 359.383   11 55 689.480  
			 54 34 376.115   11 55 704.270  
			 54 34 381.632   11 55 690.315  
			 54 34 384.287   11 55 683.817  
			 54 34 385.233   11 55 674.734  
			 54 34 385.721   11 55 667.573  
			 54 34 387.084   11 55 651.268  
			 54 34 365.177   11 55 649.096  
			 54 34 356.879   11 55 648.130  
			 54 34 351.563   11 55 647.089  
			 54 34 349.697   11 55 646.853  
			 54 34 343.602   11 55 646.103  
			 54 34 340.705   11 55 645.771  
			 54 34 337.617   11 55 643.151  
			 54 34 335.163   11 55 639.626  
			 54 34 332.980   11 55 633.123  
			 54 34 332.221   11 55 623.492  
			 54 34 332.990   11 55 617.211  
			 54 34 335.837   11 55 609.924  
			 54 34 337.582   11 55 607.399  
			 54 34 339.438   11 55 605.614  
			 54 34 342.364   11 55 604.085  
			 54 34 345.940   11 55 603.773  
			 54 34 417.691   11 55 615.330  
			 54 34 422.177   11 55 615.798  
			 54 34 423.032   11 55 615.682  
			 54 34 425.707   11 55 614.244  
			 54 34 428.252   11 55 612.574  
			 54 34 429.429   11 55 602.234  
			 54 34 429.630   11 55 598.598  
			 54 34 424.556   11 55 594.122  
			 54 34 428.413   11 55 545.329  
			 54 34 429.328   11 55 532.389  
			 54 34 379.756   11 55 546.813  
			 54 34 379.701   11 55 547.386  
			 54 34 373.917   11 55 547.532  
			 54 34 372.720   11 55 547.391  
			 54 34 371.116   11 55 545.792  
			 54 34 370.206   11 55 543.660  
			 54 34 370.125   11 55 541.774  
			 54 34 370.060   11 55 540.029  
			 54 34 370.276   11 55 537.972  
			 54 34 370.658   11 55 536.297  
			 54 34 371.373   11 55 534.275  
			 54 34 372.967   11 55 532.933  
			 54 34 374.405   11 55 531.786  
			 54 34 375.733   11 55 530.725  
			 54 34 378.554   11 55 528.477  
			 54 34 379.786   11 55 527.496  
			 54 34 379.907   11 55 527.426  
			 54 34 384.247   11 55 524.866  
			 54 34 385.640   11 55 524.046  
			 54 34 388.849   11 55 522.155  
			 54 34 390.207   11 55 521.356  
			 54 34 393.466   11 55 519.434  
			 54 34 394.818   11 55 518.635  
			 54 34 398.077   11 55 516.714  
			 54 34 399.415   11 55 515.924  
			 54 34 402.669   11 55 514.008  
			 54 34 403.997   11 55 513.223  
			 54 34 407.220   11 55 511.322  
			 54 34 408.598   11 55 510.508  
			 54 34 411.847   11 55 508.597  
			 54 34 413.180   11 55 507.812  
			 54 34 419.758   11 55 503.945  
			 54 34 421.126   11 55 503.140  
			 54 34 421.317   11 55 503.029  
			 54 34 425.325   11 55 499.237  
			 54 34 425.536   11 55 498.981  
			 54 34 426.693   11 55 497.603  
			 54 34 427.518   11 55 496.617  
			 54 34 428.685   11 55 495.234  
			 54 34 428.996   11 55 494.867  
			 54 34 429.243   11 55 495.269  
			 54 34 429.389   11 55 495.028  
			 54 34 429.716   11 55 495.214  
			 54 34 432.457   11 55 492.634  
			 54 34 433.925   11 55 488.601  
			 54 34 434.036   11 55 488.561  
			 54 34 434.453   11 55 490.446  
			 54 34 435.700   11 55 489.692  
			 54 34 435.509   11 55 488.752  
			 54 34 437.018   11 55 487.897  
			 54 34 436.510   11 55 485.362  
			 54 34 440.755   11 55 482.239  
			 54 34 438.582   11 55 472.774  
			 54 34 434.383   11 55 475.465  
			 54 34 433.809   11 55 472.935  
			 54 34 432.306   11 55 473.840  
			 54 34 432.110   11 55 472.890  
			 54 34 430.827   11 55 473.599  
			 54 34 431.159   11 55 475.113  
			 54 34 431.033   11 55 475.268  
			 54 34 428.212   11 55 473.574  
			 54 34 427.920   11 55 474.645  
			 54 34 427.412   11 55 474.268  
			 54 34 417.807   11 55 467.091  
			 54 34 417.440   11 55 466.815  
			 54 34 409.001   11 55 470.521  
			 54 34 407.613   11 55 471.130  
			 54 34 404.308   11 55 472.583  
			 54 34 402.890   11 55 473.207  
			 54 34 399.586   11 55 474.660  
			 54 34 398.183   11 55 475.274  
			 54 34 394.864   11 55 476.732  
			 54 34 393.476   11 55 477.341  
			 54 34 390.141   11 55 478.809  
			 54 34 388.758   11 55 479.418  
			 54 34 385.424   11 55 480.886  
			 54 34 384.021   11 55 481.505  
			 54 34 383.759   11 55 481.620  
			 54 34 345.759   11 55 475.208  
			 54 34 345.120   11 55 475.188  
			 54 34 342.329   11 55 475.108  
			 54 34 333.312   11 55 473.639  
			 54 34 328.751   11 55 472.533  
			 54 34 326.145   11 55 460.855  
			 54 34 278.122   11 55 488.359  
			 54 34 272.329   11 55 494.228  
			 54 34 271.549   11 55 495.154  
			 54 34 269.874   11 55 497.346  
			 54 34 268.079   11 55 500.796  
			 54 34 265.238   11 55 506.530  
			 54 34 263.573   11 55 511.197  
			 54 34 262.316   11 55 517.212  
			 54 34 261.244   11 55 523.930  
			 54 34 259.193   11 55 542.604  
			 54 34 261.410   11 55 542.921  
			 54 34 260.711   11 55 549.323  
			 54 34 260.314   11 55 551.369  
			 54 34 259.042   11 55 553.185  
			 54 34 257.910   11 55 553.527  
			 54 34 256.804   11 55 553.366  
			 54 34 256.155   11 55 553.150  
			 54 34 255.511   11 55 552.330  
			 54 34 254.933   11 55 551.188  
			 54 34 254.490   11 55 550.057  
			 54 34 254.571   11 55 548.910  
			 54 34 255.194   11 55 541.819  
			 54 34 257.553   11 55 542.262  
			 54 34 257.981   11 55 537.459  
			 54 34 260.229   11 55 519.369  
			 54 34 261.833   11 55 511.197  
			 54 34 263.377   11 55 506.122  
			 54 34 265.886   11 55 500.590  
			 54 34 268.471   11 55 495.989  
			 54 34 271.474   11 55 491.643  
			 54 34 277.820   11 55 486.142  
			 54 34 285.138   11 55 481.218  
			 54 34 326.860   11 55 455.092  
			 54 34 330.164   11 55 453.010  
			 54 34 340.805   11 55 441.161  
			 54 34 356.481   11 55 442.579  
			 54 34 387.139   11 55 447.261  
			 54 34 424.194   11 55 452.346  
			 54 34 424.526   11 55 449.142  
			 54 34 426.009   11 55 445.561  
			 54 34 428.685   11 55 440.271  
			 54 34 432.069   11 55 433.361  
			 54 34 434.956   11 55 428.261  
			 54 34 439.789   11 55 427.889  
			 54 34 443.340   11 55 427.663  
			 54 34 447.499   11 55 414.738  
			 54 34 449.359   11 55 407.722  
			 54 34 451.698   11 55 402.678  
			 54 34 453.861   11 55 392.358  
			 54 34 460.278   11 55 369.561  
			 54 34 461.600   11 55 360.981  
			 54 34 462.018   11 55 358.160  
			 54 34 462.139   11 55 357.320  
			 54 34 466.338   11 55 349.942  
			 54 34 470.542   11 55 328.760  
			 54 34 475.878   11 55 296.840  
			 54 34 477.498   11 55 276.140  
			 54 34 479.841   11 55 245.658  
			 54 34 479.600   11 55 197.242  
			 54 34 472.338   11 55 153.082  
			 54 34 471.382   11 55 136.938  
	
