##          0         103   20190918  160154
##      1    3789                                       


  0.0000E+00  0.0000E+00  0.0000E+00  0.0000E+00  0.0000E+00  0.0000E+00
  0.0000E+00  0.0000E+00  0.0000E+00  0.0000E+00  0.0000E+00  2.5000E+02
  0.0000E+00  0.0000E+00  9.8000E+01  0.0000E+00  0.0000E+00  0.0000E+00
  0.0000E+00  0.0000E+00
  1.0000E+00  2.3572E-02 -9.1658E-04 -9.6627E-04  8.8321E-03  4.3152E-03
  7.6368E-04  5.6257E-02 -2.8676E-03  1.4496E-01  0.0000E+00  2.2500E+02
  0.0000E+00 -5.5198E+00  1.0457E+02  1.2000E-01  0.0000E+00  0.0000E+00
  0.0000E+00  0.0000E+00
  2.0000E+00  9.8468E-02 -5.7479E-03 -3.3041E-03  5.1466E-02  1.4290E-02
  4.8454E-03  1.0027E-01 -8.3410E-03  4.0881E-01  0.0000E+00  2.0000E+02
  0.0000E+00 -1.0120E+01  1.1005E+02  2.2000E-01  0.0000E+00  0.0000E+00
  0.0000E+00  0.0000E+00
  3.0000E+00  2.2078E-01 -1.8552E-02 -6.3762E-03  1.4757E-01  2.3665E-02
  1.4991E-02  1.5257E-01 -1.9438E-02  9.0254E-01  0.0000E+00  1.7500E+02
  0.0000E+00 -1.4720E+01  1.1553E+02  3.2000E-01  0.0000E+00  0.0000E+00
  0.0000E+00  0.0000E+00
  4.0000E+00  4.0006E-01 -4.3922E-02 -9.9622E-03  3.0729E-01  3.0037E-02
  3.5063E-02  2.0513E-01 -3.1256E-02  1.5037E+00  0.0000E+00  1.6581E+02
  0.0000E+00 -1.9320E+01  1.2101E+02  4.2000E-01  0.0000E+00  0.0000E+00
  0.0000E+00  0.0000E+00

  5.0000E+00  6.3142E-01 -8.0902E-02 -1.2847E-02  4.7741E-01  3.0552E-02
  6.5536E-02  2.5800E-01 -4.3221E-02  2.1563E+00  0.0000E+00  1.6591E+02
  0.0000E+00 -2.3920E+01  1.2648E+02  5.2000E-01  0.0000E+00  0.0000E+00
  0.0000E+00  0.0000E+00
  6.0000E+00  9.1791E-01 -1.3008E-01 -1.4142E-02  6.1607E-01  2.6978E-02
  1.0735E-01  3.1617E-01 -5.6268E-02  2.8690E+00  0.0000E+00  1.6610E+02
  0.0000E+00 -2.8520E+01  1.3196E+02  6.2000E-01  0.0000E+00  0.0000E+00
  0.0000E+00  0.0000E+00
  7.0000E+00  1.2667E+00 -1.9295E-01 -1.3559E-02  7.0057E-01  2.3103E-02
  1.6168E-01  3.8270E-01 -7.1488E-02  3.6602E+00  0.0000E+00  1.6630E+02
  0.0000E+00 -3.3120E+01  1.3744E+02  7.1999E-01  0.0000E+00  0.0000E+00
  0.0000E+00  0.0000E+00
  8.0000E+00  1.6865E+00 -2.7188E-01 -1.1769E-02  7.3381E-01  2.2208E-02
  2.3000E-01  4.5813E-01 -8.9640E-02  4.5417E+00  0.0000E+00  1.6652E+02
  0.0000E+00 -3.4914E+01  1.4292E+02  8.1999E-01  0.0000E+00  0.0000E+00
  0.0000E+00  0.0000E+00
  9.0000E+00  2.1868E+00 -3.6968E-01 -1.0197E-02  7.3601E-01  2.5508E-02
  3.1386E-01  5.4354E-01 -1.1115E-01  5.5165E+00  0.0000E+00  1.6676E+02
  0.0000E+00 -3.4996E+01  1.4839E+02  9.1999E-01  0.0000E+00  0.0000E+00
  0.0000E+00  0.0000E+00
##          0         103   20190918  160154
##      1    3789                                       


  1.0000E+01  2.7785E+00 -4.8953E-01 -1.0293E-02  7.3711E-01  3.2170E-02
  4.1492E-01  6.4015E-01 -1.3653E-01  6.5981E+00  0.0000E+00  1.6703E+02
  0.0000E+00 -3.5000E+01  1.5070E+02  1.0200E+00  0.0000E+00  0.0000E+00
  0.0000E+00  0.0000E+00
  1.1000E+01  3.4703E+00 -6.3416E-01 -1.2570E-02  7.6061E-01  3.9603E-02
  5.3470E-01  7.4139E-01 -1.6412E-01  7.7466E+00  0.0000E+00  1.6732E+02
  0.0000E+00 -3.5000E+01  1.4463E+02  1.1059E+00  0.0000E+00  0.0000E+00
  0.0000E+00  0.0000E+00
  1.2000E+01  4.2633E+00 -8.0397E-01 -1.6133E-02  8.0305E-01  4.4251E-02
  6.7382E-01  8.4022E-01 -1.9177E-01  8.9113E+00  0.0000E+00  1.6761E+02
  0.0000E+00 -3.5000E+01  1.4537E+02  1.0833E+00  0.0000E+00  0.0000E+00
  0.0000E+00  0.0000E+00
  1.3000E+01  5.1542E+00 -9.9791E-01 -1.9271E-02  8.4431E-01  4.4168E-02
  8.3236E-01  9.3597E-01 -2.1894E-01  1.0080E+01  0.0000E+00  1.6789E+02
  0.0000E+00 -3.5000E+01  1.4653E+02  1.0703E+00  0.0000E+00  0.0000E+00
  0.0000E+00  0.0000E+00
  1.4000E+01  6.1407E+00 -1.2148E+00 -2.0463E-02  8.6623E-01  4.0304E-02
  1.0104E+00  1.0297E+00 -2.4572E-01  1.1254E+01  0.0000E+00  1.6817E+02
  0.0000E+00 -3.5000E+01  1.4729E+02  1.0554E+00  0.0000E+00  0.0000E+00
  0.0000E+00  0.0000E+00

  1.5000E+01  7.2213E+00 -1.4533E+00 -1.9167E-02  8.5866E-01  3.5294E-02
  1.2081E+00  1.1218E+00 -2.7230E-01  1.2436E+01  0.0000E+00  1.6845E+02
  0.0000E+00 -3.5000E+01  1.4831E+02  1.0470E+00  0.0000E+00  0.0000E+00
  0.0000E+00  0.0000E+00
  1.6000E+01  8.3946E+00 -1.7126E+00 -1.6112E-02  8.2188E-01  3.1697E-02
  1.4256E+00  1.2120E+00 -2.9887E-01  1.3627E+01  0.0000E+00  1.6873E+02
  0.0000E+00 -3.5000E+01  1.4895E+02  1.0348E+00  0.0000E+00  0.0000E+00
  0.0000E+00  0.0000E+00
  1.7000E+01  9.6587E+00 -1.9914E+00 -1.2859E-02  7.6498E-01  3.0684E-02
  1.6631E+00  1.3001E+00 -3.2549E-01  1.4829E+01  0.0000E+00  1.6900E+02
  0.0000E+00 -3.5000E+01  1.4988E+02  1.0290E+00  0.0000E+00  0.0000E+00
  0.0000E+00  0.0000E+00
  1.8000E+01  1.1012E+01 -2.2887E+00 -1.0895E-02  7.0163E-01  3.1755E-02
  1.9208E+00  1.3856E+00 -3.5212E-01  1.6041E+01  0.0000E+00  1.6927E+02
  0.0000E+00 -3.5000E+01  1.5039E+02  1.0189E+00  0.0000E+00  0.0000E+00
  0.0000E+00  0.0000E+00
  1.9000E+01  1.2451E+01 -2.6033E+00 -1.0838E-02  6.4479E-01  3.3388E-02
  2.1988E+00  1.4685E+00 -3.7858E-01  1.7263E+01  0.0000E+00  1.6954E+02
  0.0000E+00 -3.5000E+01  1.5122E+02  1.0151E+00  0.0000E+00  0.0000E+00
  0.0000E+00  0.0000E+00
##          0         103   20190918  160154
##      1    3789                                       


  2.0000E+01  1.3974E+01 -2.9336E+00 -1.2209E-02  6.0276E-01  3.4112E-02
  2.4973E+00  1.5491E+00 -4.0466E-01  1.8491E+01  0.0000E+00  1.6981E+02
  0.0000E+00 -3.5000E+01  1.5161E+02  1.0066E+00  0.0000E+00  0.0000E+00
  0.0000E+00  0.0000E+00
  2.1000E+01  1.5580E+01 -3.2779E+00 -1.3846E-02  5.7702E-01  3.3289E-02
  2.8163E+00  1.6277E+00 -4.3015E-01  1.9723E+01  0.0000E+00  1.7008E+02
  0.0000E+00 -3.5000E+01  1.5235E+02  1.0043E+00  0.0000E+00  0.0000E+00
  0.0000E+00  0.0000E+00
  2.2000E+01  1.7267E+01 -3.6342E+00 -1.4643E-02  5.6308E-01  3.1306E-02
  3.1559E+00  1.7045E+00 -4.5490E-01  2.0957E+01  0.0000E+00  1.7035E+02
  0.0000E+00 -3.5000E+01  1.5264E+02  9.9709E-01  0.0000E+00  0.0000E+00
  0.0000E+00  0.0000E+00
  2.3000E+01  1.9034E+01 -4.0001E+00 -1.4143E-02  5.5262E-01  2.9128E-02
  3.5160E+00  1.7797E+00 -4.7886E-01  2.2191E+01  0.0000E+00  1.7062E+02
  0.0000E+00 -3.5000E+01  1.5331E+02  9.9599E-01  0.0000E+00  0.0000E+00
  0.0000E+00  0.0000E+00
  2.4000E+01  2.0878E+01 -4.3734E+00 -1.2678E-02  5.3701E-01  2.7659E-02
  3.8968E+00  1.8532E+00 -5.0201E-01  2.3424E+01  0.0000E+00  1.7089E+02
  0.0000E+00 -3.5000E+01  1.5351E+02  9.8972E-01  0.0000E+00  0.0000E+00
  0.0000E+00  0.0000E+00

  2.5000E+01  2.2799E+01 -4.7518E+00 -1.1039E-02  5.0995E-01  2.7242E-02
  4.2982E+00  1.9246E+00 -5.2444E-01  2.4657E+01  0.0000E+00  1.7116E+02
  0.0000E+00 -3.5000E+01  1.5412E+02  9.8955E-01  0.0000E+00  0.0000E+00
  0.0000E+00  0.0000E+00
  2.6000E+01  2.4794E+01 -5.1330E+00 -9.9600E-03  4.6944E-01  2.7591E-02
  4.7201E+00  1.9940E+00 -5.4620E-01  2.5888E+01  0.0000E+00  1.7142E+02
  0.0000E+00 -3.5000E+01  1.5424E+02  9.8401E-01  0.0000E+00  0.0000E+00
  0.0000E+00  0.0000E+00
  2.7000E+01  2.6862E+01 -5.5147E+00 -9.7195E-03  4.1761E-01  2.8066E-02
  5.1626E+00  2.0613E+00 -5.6736E-01  2.7116E+01  0.0000E+00  1.7168E+02
  0.0000E+00 -3.5000E+01  1.5480E+02  9.8456E-01  0.0000E+00  0.0000E+00
  0.0000E+00  0.0000E+00
  2.8000E+01  2.9001E+01 -5.8948E+00 -1.0085E-02  3.5975E-01  2.8101E-02
  5.6255E+00  2.1266E+00 -5.8795E-01  2.8340E+01  0.0000E+00  1.7194E+02
  0.0000E+00 -3.5000E+01  1.5487E+02  9.7960E-01  0.0000E+00  0.0000E+00
  0.0000E+00  0.0000E+00
  2.9000E+01  3.1209E+01 -6.2709E+00 -1.0546E-02  3.0196E-01  2.7475E-02
  6.1088E+00  2.1901E+00 -6.0793E-01  2.9559E+01  0.0000E+00  1.7220E+02
  0.0000E+00 -3.5000E+01  1.5539E+02  9.8070E-01  0.0000E+00  0.0000E+00
  0.0000E+00  0.0000E+00
##          0         103   20190918  160155
##      1    3789                                       


  3.0000E+01  3.3484E+01 -6.6407E+00 -1.1303E-02  2.4918E-01  2.6604E-02
  6.6124E+00  2.2519E+00 -6.2722E-01  3.0769E+01  0.0000E+00  1.7245E+02
  0.0000E+00 -3.5000E+01  1.5540E+02  9.7618E-01  0.0000E+00  0.0000E+00
  0.0000E+00  0.0000E+00
  3.1000E+01  3.5826E+01 -7.0017E+00 -1.0281E-02  2.0362E-01  2.5148E-02
  7.1361E+00  2.3121E+00 -6.4572E-01  3.1967E+01  0.0000E+00  1.7269E+02
  0.0000E+00 -3.5000E+01  1.5589E+02  9.7771E-01  0.0000E+00  0.0000E+00
  0.0000E+00  0.0000E+00
  3.2000E+01  3.8232E+01 -7.3513E+00 -9.5766E-03  1.6478E-01  2.4163E-02
  7.6797E+00  2.3707E+00 -6.6340E-01  3.3153E+01  0.0000E+00  1.7294E+02
  0.0000E+00 -3.5000E+01  1.5586E+02  9.7354E-01  0.0000E+00  0.0000E+00
  0.0000E+00  0.0000E+00
  3.3000E+01  4.0701E+01 -7.6868E+00 -8.8575E-03  1.3004E-01  2.3535E-02
  8.2429E+00  2.4276E+00 -6.8027E-01  3.4324E+01  0.0000E+00  1.7318E+02
  0.0000E+00 -3.5000E+01  1.5632E+02  9.7540E-01  0.0000E+00  0.0000E+00
  0.0000E+00  0.0000E+00
  3.4000E+01  4.3231E+01 -8.0058E+00 -8.3710E-03  9.6076E-02  2.3186E-02
  8.8256E+00  2.4828E+00 -6.9637E-01  3.5479E+01  0.0000E+00  1.7341E+02
  0.0000E+00 -3.5000E+01  1.5626E+02  9.7149E-01  0.0000E+00  0.0000E+00
  0.0000E+00  0.0000E+00

  3.5000E+01  4.5820E+01 -8.3057E+00 -8.1710E-03  5.9888E-02  2.2924E-02
  9.4275E+00  2.5363E+00 -7.1175E-01  3.6618E+01  0.0000E+00  1.7364E+02
  0.0000E+00 -3.5000E+01  1.5670E+02  9.7362E-01  0.0000E+00  0.0000E+00
  0.0000E+00  0.0000E+00
  3.6000E+01  4.8467E+01 -8.5840E+00 -8.9416E-03  1.9960E-02  2.2885E-02
  1.0048E+01  2.5881E+00 -7.2650E-01  3.7740E+01  0.0000E+00  1.7387E+02
  0.0000E+00 -3.5000E+01  1.5661E+02  9.6991E-01  0.0000E+00  0.0000E+00
  0.0000E+00  0.0000E+00
  3.7000E+01  5.1169E+01 -8.8384E+00 -8.0799E-03 -2.3686E-02  2.2134E-02
  1.0687E+01  2.6383E+00 -7.4070E-01  3.8844E+01  0.0000E+00  1.7409E+02
  0.0000E+00 -3.5000E+01  1.5703E+02  9.7223E-01  0.0000E+00  0.0000E+00
  0.0000E+00  0.0000E+00
  3.8000E+01  5.3925E+01 -9.0666E+00 -7.8826E-03 -6.9533E-02  2.1595E-02
  1.1345E+01  2.6869E+00 -7.5440E-01  3.9929E+01  0.0000E+00  1.7430E+02
  0.0000E+00 -3.5000E+01  1.5692E+02  9.6869E-01  0.0000E+00  0.0000E+00
  0.0000E+00  0.0000E+00
  3.9000E+01  5.6734E+01 -9.2663E+00 -7.5431E-03 -1.1551E-01  2.1046E-02
  1.2021E+01  2.7341E+00 -7.6762E-01  4.0997E+01  0.0000E+00  1.7451E+02
  0.0000E+00 -3.5000E+01  1.5732E+02  9.7116E-01  0.0000E+00  0.0000E+00
  0.0000E+00  0.0000E+00
##          0         103   20190918  160155
##      1    3789                                       


  4.0000E+01  5.9592E+01 -9.4354E+00 -7.1555E-03 -1.5975E-01  2.0532E-02
  1.2714E+01  2.7797E+00 -7.8029E-01  4.2051E+01  0.0000E+00  1.7471E+02
  0.0000E+00 -3.5000E+01  1.5719E+02  9.6774E-01  0.0000E+00  0.0000E+00
  0.0000E+00  0.0000E+00
  4.1000E+01  6.2499E+01 -9.5714E+00 -6.8245E-03 -2.0139E-01  2.0044E-02
  1.3425E+01  2.8238E+00 -7.9242E-01  4.3093E+01  0.0000E+00  1.7491E+02
  0.0000E+00 -3.5000E+01  1.5758E+02  9.7033E-01  0.0000E+00  0.0000E+00
  0.0000E+00  0.0000E+00
  4.2000E+01  6.5453E+01 -9.6723E+00 -6.6001E-03 -2.4017E-01  1.9551E-02
  1.4153E+01  2.8665E+00 -8.0402E-01  4.4121E+01  0.0000E+00  1.7511E+02
  0.0000E+00 -3.5000E+01  1.5743E+02  9.6701E-01  0.0000E+00  0.0000E+00
  0.0000E+00  0.0000E+00
  4.3000E+01  6.8450E+01 -9.7359E+00 -6.4561E-03 -2.7662E-01  1.9023E-02
  1.4898E+01  2.9077E+00 -8.1513E-01  4.5135E+01  0.0000E+00  1.7529E+02
  0.0000E+00 -3.5000E+01  1.5781E+02  9.6969E-01  0.0000E+00  0.0000E+00
  0.0000E+00  0.0000E+00
  4.4000E+01  7.1491E+01 -9.7599E+00 -6.3247E-03 -3.1153E-01  1.8473E-02
  1.5660E+01  2.9476E+00 -8.2579E-01  4.6136E+01  0.0000E+00  1.7547E+02
  0.0000E+00 -3.5000E+01  1.5765E+02  9.6644E-01  0.0000E+00  0.0000E+00
  0.0000E+00  0.0000E+00

  4.5000E+01  7.4572E+01 -9.7425E+00 -6.1443E-03 -3.4593E-01  1.7936E-02
  1.6438E+01  2.9860E+00 -8.3602E-01  4.7122E+01  0.0000E+00  1.7565E+02
  0.0000E+00 -3.5000E+01  1.5804E+02  9.6920E-01  0.0000E+00  0.0000E+00
  0.0000E+00  0.0000E+00
  4.6000E+01  7.7692E+01 -9.6816E+00 -5.8983E-03 -3.8050E-01  1.7459E-02
  1.7233E+01  3.0232E+00 -8.4587E-01  4.8093E+01  0.0000E+00  1.7582E+02
  0.0000E+00 -3.5000E+01  1.5790E+02  9.6600E-01  0.0000E+00  0.0000E+00
  0.0000E+00  0.0000E+00
  4.7000E+01  8.0848E+01 -9.5752E+00 -5.6153E-03 -4.1566E-01  1.7056E-02
  1.8044E+01  3.0589E+00 -8.5536E-01  4.9050E+01  0.0000E+00  1.7600E+02
  0.0000E+00 -3.5000E+01  1.5830E+02  9.6881E-01  0.0000E+00  0.0000E+00
  0.0000E+00  0.0000E+00
  4.8000E+01  8.4038E+01 -9.4217E+00 -5.3455E-03 -4.5125E-01  1.6710E-02
  1.8871E+01  3.0933E+00 -8.6454E-01  4.9991E+01  0.0000E+00  1.7616E+02
  0.0000E+00 -3.5000E+01  1.5814E+02  9.6566E-01  0.0000E+00  0.0000E+00
  0.0000E+00  0.0000E+00
  4.9000E+01  8.7261E+01 -9.2192E+00 -5.1248E-03 -4.8693E-01  1.6372E-02
  1.9713E+01  3.1264E+00 -8.7342E-01  5.0916E+01  0.0000E+00  1.7631E+02
  0.0000E+00 -3.5000E+01  1.5853E+02  9.6852E-01  0.0000E+00  0.0000E+00
  0.0000E+00  0.0000E+00
##          0         103   20190918  160155
##      1    3789                                       


  5.0000E+01  9.0514E+01 -8.9661E+00 -4.9589E-03 -5.2203E-01  1.6004E-02
  2.0571E+01  3.1582E+00 -8.8202E-01  5.1826E+01  0.0000E+00  1.7647E+02
  0.0000E+00 -3.5000E+01  1.5836E+02  9.6540E-01  0.0000E+00  0.0000E+00
  0.0000E+00  0.0000E+00
  5.1000E+01  9.3794E+01 -8.6609E+00 -4.8223E-03 -5.5610E-01  1.5580E-02
  2.1443E+01  3.1887E+00 -8.9037E-01  5.2719E+01  0.0000E+00  1.7661E+02
  0.0000E+00 -3.5000E+01  1.5874E+02  9.6829E-01  0.0000E+00  0.0000E+00
  0.0000E+00  0.0000E+00
  5.2000E+01  9.7101E+01 -8.3018E+00 -4.6814E-03 -5.8876E-01  1.5116E-02
  2.2331E+01  3.2180E+00 -8.9846E-01  5.3595E+01  0.0000E+00  1.7675E+02
  0.0000E+00 -3.5000E+01  1.5856E+02  9.6520E-01  0.0000E+00  0.0000E+00
  0.0000E+00  0.0000E+00
  5.3000E+01  1.0043E+02 -7.8876E+00 -4.5131E-03 -6.2007E-01  1.4641E-02
  2.3233E+01  3.2461E+00 -9.0631E-01  5.4455E+01  0.0000E+00  1.7689E+02
  0.0000E+00 -3.5000E+01  1.5893E+02  9.6811E-01  0.0000E+00  0.0000E+00
  0.0000E+00  0.0000E+00
  5.4000E+01  1.0378E+02 -7.4167E+00 -4.3174E-03 -6.5018E-01  1.4194E-02
  2.4149E+01  3.2730E+00 -9.1391E-01  5.5297E+01  0.0000E+00  1.7702E+02
  0.0000E+00 -3.5000E+01  1.5874E+02  9.6504E-01  0.0000E+00  0.0000E+00
  0.0000E+00  0.0000E+00

  5.5000E+01  1.0715E+02 -6.8879E+00 -4.1107E-03 -6.7956E-01  1.3794E-02
  2.5079E+01  3.2988E+00 -9.2129E-01  5.6121E+01  0.0000E+00  1.7714E+02
  0.0000E+00 -3.5000E+01  1.5911E+02  9.6797E-01  0.0000E+00  0.0000E+00
  0.0000E+00  0.0000E+00
  5.6000E+01  1.1054E+02 -6.2998E+00 -3.9155E-03 -7.0846E-01  1.3444E-02
  2.6023E+01  3.3235E+00 -9.2843E-01  5.6928E+01  0.0000E+00  1.7726E+02
  0.0000E+00 -3.5000E+01  1.5891E+02  9.6492E-01  0.0000E+00  0.0000E+00
  0.0000E+00  0.0000E+00
  5.7000E+01  1.1394E+02 -5.6512E+00 -3.7449E-03 -7.3722E-01  1.3126E-02
  2.6980E+01  3.3470E+00 -9.3537E-01  5.7716E+01  0.0000E+00  1.7737E+02
  0.0000E+00 -3.5000E+01  1.5926E+02  9.6786E-01  0.0000E+00  0.0000E+00
  0.0000E+00  0.0000E+00
  5.8000E+01  1.1736E+02 -4.9412E+00 -3.5998E-03 -7.6580E-01  1.2821E-02
  2.7950E+01  3.3695E+00 -9.4211E-01  5.8486E+01  0.0000E+00  1.7748E+02
  0.0000E+00 -3.5000E+01  1.5905E+02  9.6482E-01  0.0000E+00  0.0000E+00
  0.0000E+00  0.0000E+00
  5.9000E+01  1.2078E+02 -4.1685E+00 -3.4690E-03 -7.9416E-01  1.2508E-02
  2.8933E+01  3.3909E+00 -9.4866E-01  5.9238E+01  0.0000E+00  1.7759E+02
  0.0000E+00 -3.5000E+01  1.5940E+02  9.6778E-01  0.0000E+00  0.0000E+00
  0.0000E+00  0.0000E+00
##          0         103   20190918  160155
##      1    3789                                       


  6.0000E+01  1.2421E+02 -3.3324E+00 -3.3406E-03 -8.2206E-01  1.2186E-02
  2.9928E+01  3.4113E+00 -9.5498E-01  5.9970E+01  0.0000E+00  1.7769E+02
  0.0000E+00 -3.5000E+01  1.5919E+02  9.6475E-01  0.0000E+00  0.0000E+00
  0.0000E+00  0.0000E+00
  6.1000E+01  1.2765E+02 -2.4318E+00 -3.2061E-03 -8.4966E-01  1.1856E-02
  3.0935E+01  3.4307E+00 -9.6104E-01  6.0682E+01  0.0000E+00  1.7778E+02
  0.0000E+00 -3.5000E+01  1.5953E+02  9.6772E-01  0.0000E+00  0.0000E+00
  0.0000E+00  0.0000E+00
  6.2000E+01  1.3109E+02 -1.4658E+00 -3.0645E-03 -8.7680E-01  1.1535E-02
  3.1954E+01  3.4492E+00 -9.6685E-01  6.1375E+01  0.0000E+00  1.7787E+02
  0.0000E+00 -3.5000E+01  1.5931E+02  9.6469E-01  0.0000E+00  0.0000E+00
  0.0000E+00  0.0000E+00
  6.3000E+01  1.3453E+02 -4.3380E-01 -2.9220E-03 -9.0337E-01  1.1228E-02
  3.2985E+01  3.4667E+00 -9.7245E-01  6.2048E+01  0.0000E+00  1.7796E+02
  0.0000E+00 -3.5000E+01  1.5964E+02  9.6767E-01  0.0000E+00  0.0000E+00
  0.0000E+00  0.0000E+00
  6.4000E+01  1.3797E+02  6.6497E-01 -2.7893E-03 -9.2906E-01  1.0940E-02
  3.4026E+01  3.4833E+00 -9.7783E-01  6.2700E+01  0.0000E+00  1.7804E+02
  0.0000E+00 -3.5000E+01  1.5941E+02  9.6465E-01  0.0000E+00  0.0000E+00
  0.0000E+00  0.0000E+00

  6.5000E+01  1.4140E+02  1.8311E+00 -2.6734E-03 -9.5375E-01  1.0659E-02
  3.5078E+01  3.4990E+00 -9.8301E-01  6.3332E+01  0.0000E+00  1.7814E+02
  0.0000E+00 -3.5000E+01  1.5975E+02  9.6763E-01  0.0000E+00  0.0000E+00
  0.0000E+00  0.0000E+00
  6.6000E+01  1.4483E+02  3.0651E+00 -2.5735E-03 -9.7733E-01  1.0377E-02
  3.6141E+01  3.5139E+00 -9.8798E-01  6.3944E+01  0.0000E+00  1.7826E+02
  0.0000E+00 -3.5000E+01  1.5951E+02  9.6462E-01  0.0000E+00  0.0000E+00
  0.0000E+00  0.0000E+00
  6.7000E+01  1.4824E+02  4.3673E+00 -2.4811E-03 -9.9994E-01  1.0088E-02
  3.7214E+01  3.5279E+00 -9.9277E-01  6.4535E+01  0.0000E+00  1.7837E+02
  0.0000E+00 -3.5000E+01  1.5984E+02  9.6760E-01  0.0000E+00  0.0000E+00
  0.0000E+00  0.0000E+00
  6.8000E+01  1.5165E+02  5.7381E+00 -2.3868E-03 -1.0216E+00  9.8001E-03
  3.8296E+01  3.5411E+00 -9.9737E-01  6.5106E+01  0.0000E+00  1.7848E+02
  0.0000E+00 -3.5000E+01  1.5959E+02  9.6459E-01  0.0000E+00  0.0000E+00
  0.0000E+00  0.0000E+00
  6.9000E+01  1.5504E+02  7.1777E+00 -2.2854E-03 -1.0425E+00  9.5231E-03
  3.9388E+01  3.5535E+00 -1.0018E+00  6.5656E+01  0.0000E+00  1.7859E+02
  0.0000E+00 -3.5000E+01  1.5992E+02  9.6758E-01  0.0000E+00  0.0000E+00
  0.0000E+00  0.0000E+00
##          0         103   20190918  160155
##      1    3789                                       


  7.0000E+01  1.5842E+02  8.6863E+00 -2.1800E-03 -1.0628E+00  9.2695E-03
  4.0489E+01  3.5652E+00 -1.0060E+00  6.6186E+01  0.0000E+00  1.7869E+02
  0.0000E+00 -3.5000E+01  1.5967E+02  9.6457E-01  0.0000E+00  0.0000E+00
  0.0000E+00  0.0000E+00
  7.1000E+01  1.6178E+02  1.0264E+01 -2.0770E-03 -1.0825E+00  9.0399E-03
  4.1598E+01  3.5762E+00 -1.0101E+00  6.6697E+01  0.0000E+00  1.7878E+02
  0.0000E+00 -3.5000E+01  1.5999E+02  9.6756E-01  0.0000E+00  0.0000E+00
  0.0000E+00  0.0000E+00
  7.2000E+01  1.6512E+02  1.1911E+01 -1.9841E-03 -1.1017E+00  8.8330E-03
  4.2716E+01  3.5865E+00 -1.0140E+00  6.7187E+01  0.0000E+00  1.7888E+02
  0.0000E+00 -3.5000E+01  1.5974E+02  9.6455E-01  0.0000E+00  0.0000E+00
  0.0000E+00  0.0000E+00
  7.3000E+01  1.6843E+02  1.3626E+01 -1.9048E-03 -1.1203E+00  8.6353E-03
  4.3842E+01  3.5961E+00 -1.0177E+00  6.7659E+01  0.0000E+00  1.7897E+02
  0.0000E+00 -3.5000E+01  1.6005E+02  9.6755E-01  0.0000E+00  0.0000E+00
  0.0000E+00  0.0000E+00
  7.4000E+01  1.7172E+02  1.5411E+01 -1.8386E-03 -1.1381E+00  8.4395E-03
  4.4975E+01  3.6050E+00 -1.0213E+00  6.8112E+01  0.0000E+00  1.7905E+02
  0.0000E+00 -3.5000E+01  1.5979E+02  9.6454E-01  0.0000E+00  0.0000E+00
  0.0000E+00  0.0000E+00

  7.5000E+01  1.7498E+02  1.7264E+01 -1.7798E-03 -1.1551E+00  8.2368E-03
  4.6116E+01  3.6134E+00 -1.0248E+00  6.8547E+01  0.0000E+00  1.7913E+02
  0.0000E+00 -3.5000E+01  1.6010E+02  9.6754E-01  0.0000E+00  0.0000E+00
  0.0000E+00  0.0000E+00
  7.6000E+01  1.7821E+02  1.9186E+01 -1.7224E-03 -1.1712E+00  8.0316E-03
  4.7264E+01  3.6212E+00 -1.0281E+00  6.8964E+01  0.0000E+00  1.7921E+02
  0.0000E+00 -3.5000E+01  1.5984E+02  9.6453E-01  0.0000E+00  0.0000E+00
  0.0000E+00  0.0000E+00
  7.7000E+01  1.8141E+02  2.1175E+01 -1.6620E-03 -1.1864E+00  7.8274E-03
  4.8419E+01  3.6284E+00 -1.0313E+00  6.9363E+01  0.0000E+00  1.7929E+02
  0.0000E+00 -3.5000E+01  1.6015E+02  9.6753E-01  0.0000E+00  0.0000E+00
  0.0000E+00  0.0000E+00
  7.8000E+01  1.8458E+02  2.3232E+01 -1.5987E-03 -1.2007E+00  7.6358E-03
  4.9581E+01  3.6351E+00 -1.0344E+00  6.9746E+01  0.0000E+00  1.7936E+02
  0.0000E+00 -3.5000E+01  1.5988E+02  9.6452E-01  0.0000E+00  0.0000E+00
  0.0000E+00  0.0000E+00
  7.9000E+01  1.8771E+02  2.5355E+01 -1.5349E-03 -1.2144E+00  7.4593E-03
  5.0748E+01  3.6412E+00 -1.0373E+00  7.0113E+01  0.0000E+00  1.7943E+02
  0.0000E+00 -3.5000E+01  1.6019E+02  9.6752E-01  0.0000E+00  0.0000E+00
  0.0000E+00  0.0000E+00
##          0         103   20190918  160155
##      1    3789                                       


  8.0000E+01  1.9080E+02  2.7545E+01 -1.4752E-03 -1.2275E+00  7.3025E-03
  5.1922E+01  3.6469E+00 -1.0401E+00  7.0464E+01  0.0000E+00  1.7949E+02
  0.0000E+00 -3.5000E+01  1.5992E+02  9.6452E-01  0.0000E+00  0.0000E+00
  0.0000E+00  0.0000E+00
  8.1000E+01  1.9385E+02  2.9801E+01 -1.4219E-03 -1.2402E+00  7.1589E-03
  5.3102E+01  3.6522E+00 -1.0429E+00  7.0799E+01  0.0000E+00  1.7955E+02
  0.0000E+00 -3.5000E+01  1.6022E+02  9.6752E-01  0.0000E+00  0.0000E+00
  0.0000E+00  0.0000E+00
  8.2000E+01  1.9687E+02  3.2121E+01 -1.3763E-03 -1.2523E+00  7.0266E-03
  5.4287E+01  3.6569E+00 -1.0455E+00  7.1120E+01  0.0000E+00  1.7961E+02
  0.0000E+00 -3.5000E+01  1.5995E+02  9.6451E-01  0.0000E+00  0.0000E+00
  0.0000E+00  0.0000E+00
  8.3000E+01  1.9983E+02  3.4506E+01 -1.3361E-03 -1.2640E+00  6.8968E-03
  5.5477E+01  3.6613E+00 -1.0480E+00  7.1428E+01  0.0000E+00  1.7967E+02
  0.0000E+00 -3.5000E+01  1.6025E+02  9.6751E-01  0.0000E+00  0.0000E+00
  0.0000E+00  0.0000E+00
  8.4000E+01  2.0275E+02  3.6953E+01 -1.2994E-03 -1.2751E+00  6.7695E-03
  5.6672E+01  3.6652E+00 -1.0504E+00  7.1721E+01  0.0000E+00  1.7973E+02
  0.0000E+00 -3.5000E+01  1.5998E+02  9.6451E-01  0.0000E+00  0.0000E+00
  0.0000E+00  0.0000E+00

  8.5000E+01  2.0562E+02  3.9464E+01 -1.2633E-03 -1.2857E+00  6.6414E-03
  5.7872E+01  3.6688E+00 -1.0527E+00  7.2002E+01  0.0000E+00  1.7978E+02
  0.0000E+00 -3.5000E+01  1.6027E+02  9.6751E-01  0.0000E+00  0.0000E+00
  0.0000E+00  0.0000E+00
  8.6000E+01  2.0845E+02  4.2035E+01 -1.2276E-03 -1.2958E+00  6.5172E-03
  5.9077E+01  3.6720E+00 -1.0549E+00  7.2270E+01  0.0000E+00  1.7983E+02
  0.0000E+00 -3.5000E+01  1.6000E+02  9.6451E-01  0.0000E+00  0.0000E+00
  0.0000E+00  0.0000E+00
  8.7000E+01  2.1122E+02  4.4667E+01 -1.1922E-03 -1.3052E+00  6.3966E-03
  6.0286E+01  3.6748E+00 -1.0571E+00  7.2527E+01  0.0000E+00  1.7987E+02
  0.0000E+00 -3.5000E+01  1.6029E+02  9.6751E-01  0.0000E+00  0.0000E+00
  0.0000E+00  0.0000E+00
  8.8000E+01  2.1394E+02  4.7358E+01 -1.1587E-03 -1.3142E+00  6.2845E-03
  6.1499E+01  3.6774E+00 -1.0591E+00  7.2772E+01  0.0000E+00  1.7992E+02
  0.0000E+00 -3.5000E+01  1.6001E+02  9.6451E-01  0.0000E+00  0.0000E+00
  0.0000E+00  0.0000E+00
  8.9000E+01  2.1660E+02  5.0108E+01 -1.1275E-03 -1.3226E+00  6.1788E-03
  6.2716E+01  3.6796E+00 -1.0611E+00  7.3005E+01  0.0000E+00  1.7996E+02
  0.0000E+00 -3.5000E+01  1.6031E+02  9.6751E-01  0.0000E+00  0.0000E+00
  0.0000E+00  0.0000E+00
##          0         103   20190918  160155
##      1    3789                                       


  9.0000E+01  2.1921E+02  5.2914E+01 -1.0995E-03 -1.3306E+00  6.0825E-03
  6.3937E+01  3.6815E+00 -1.0630E+00  7.3229E+01  0.0000E+00  1.8000E+02
  0.0000E+00 -3.5000E+01  1.6003E+02  9.6451E-01  0.0000E+00  0.0000E+00
  0.0000E+00  0.0000E+00
  9.1000E+01  2.2176E+02  5.5776E+01 -1.0737E-03 -1.3383E+00  5.9915E-03
  6.5162E+01  3.6831E+00 -1.0648E+00  7.3442E+01  0.0000E+00  1.8004E+02
  0.0000E+00 -3.5000E+01  1.6032E+02  9.6750E-01  0.0000E+00  0.0000E+00
  0.0000E+00  0.0000E+00
  9.2000E+01  2.2425E+02  5.8693E+01 -1.0503E-03 -1.3455E+00  5.9078E-03
  6.6390E+01  3.6844E+00 -1.0665E+00  7.3646E+01  0.0000E+00  1.8007E+02
  0.0000E+00 -3.5000E+01  1.6004E+02  9.6450E-01  0.0000E+00  0.0000E+00
  0.0000E+00  0.0000E+00
  9.3000E+01  2.2668E+02  6.1663E+01 -1.0281E-03 -1.3525E+00  5.8271E-03
  6.7621E+01  3.6855E+00 -1.0682E+00  7.3840E+01  0.0000E+00  1.8011E+02
  0.0000E+00 -3.5000E+01  1.6032E+02  9.6750E-01  0.0000E+00  0.0000E+00
  0.0000E+00  0.0000E+00
  9.4000E+01  2.2904E+02  6.4684E+01 -1.0077E-03 -1.3590E+00  5.7515E-03
  6.8856E+01  3.6864E+00 -1.0698E+00  7.4026E+01  0.0000E+00  1.8014E+02
  0.0000E+00 -3.5000E+01  1.6004E+02  9.6450E-01  0.0000E+00  0.0000E+00
  0.0000E+00  0.0000E+00

  9.5000E+01  2.3135E+02  6.7757E+01 -9.8847E-04 -1.3652E+00  5.6774E-03
  7.0094E+01  3.6870E+00 -1.0713E+00  7.4204E+01  0.0000E+00  1.8017E+02
  0.0000E+00 -3.5000E+01  1.6033E+02  9.6750E-01  0.0000E+00  0.0000E+00
  0.0000E+00  0.0000E+00
  9.6000E+01  2.3358E+02  7.0878E+01 -9.7107E-04 -1.3711E+00  5.6077E-03
  7.1334E+01  3.6874E+00 -1.0728E+00  7.4373E+01  0.0000E+00  1.8020E+02
  0.0000E+00 -3.5000E+01  1.6005E+02  9.6450E-01  0.0000E+00  0.0000E+00
  0.0000E+00  0.0000E+00
  9.7000E+01  2.3575E+02  7.4047E+01 -9.5488E-04 -1.3766E+00  5.5393E-03
  7.2578E+01  3.6876E+00 -1.0742E+00  7.4535E+01  0.0000E+00  1.8023E+02
  0.0000E+00 -3.5000E+01  1.6033E+02  9.6750E-01  0.0000E+00  0.0000E+00
  0.0000E+00  0.0000E+00
  9.8000E+01  2.3785E+02  7.7261E+01 -9.4015E-04 -1.3817E+00  5.4758E-03
  7.3824E+01  3.6876E+00 -1.0755E+00  7.4689E+01  0.0000E+00  1.8026E+02
  0.0000E+00 -3.5000E+01  1.6005E+02  9.6450E-01  0.0000E+00  0.0000E+00
  0.0000E+00  0.0000E+00
  9.9000E+01  2.3989E+02  8.0521E+01 -9.2606E-04 -1.3866E+00  5.4143E-03
  7.5072E+01  3.6874E+00 -1.0768E+00  7.4836E+01  0.0000E+00  1.8028E+02
  0.0000E+00 -3.5000E+01  1.6033E+02  9.6750E-01  0.0000E+00  0.0000E+00
  0.0000E+00  0.0000E+00
##          0         103   20190918  160155
##      1    3789                                       


  1.0000E+02  2.4185E+02  8.3823E+01 -9.1301E-04 -1.3911E+00  5.3585E-03
  7.6323E+01  3.6871E+00 -1.0780E+00  7.4977E+01  0.0000E+00  1.8030E+02
  0.0000E+00 -3.5000E+01  1.6005E+02  9.6450E-01  0.0000E+00  0.0000E+00
  0.0000E+00  0.0000E+00
  1.0100E+02  2.4374E+02  8.7167E+01 -9.0052E-04 -1.3955E+00  5.3053E-03
  7.7576E+01  3.6866E+00 -1.0792E+00  7.5111E+01  0.0000E+00  1.8033E+02
  0.0000E+00 -3.5000E+01  1.6033E+02  9.6750E-01  0.0000E+00  0.0000E+00
  0.0000E+00  0.0000E+00
  1.0200E+02  2.4556E+02  9.0551E+01 -8.8936E-04 -1.3995E+00  5.2577E-03
  7.8832E+01  3.6859E+00 -1.0803E+00  7.5240E+01  0.0000E+00  1.8035E+02
  0.0000E+00 -3.5000E+01  1.6004E+02  9.6450E-01  0.0000E+00  0.0000E+00
  0.0000E+00  0.0000E+00
  1.0300E+02  2.4730E+02  9.3972E+01 -8.7918E-04 -1.4033E+00  5.2120E-03
  8.0089E+01  3.6851E+00 -1.0814E+00  7.5362E+01  0.0000E+00  1.8037E+02
  0.0000E+00 -3.5000E+01  1.6032E+02  9.6750E-01  0.0000E+00  0.0000E+00
  0.0000E+00  0.0000E+00
  1.0400E+02  2.4897E+02  9.7430E+01 -8.7046E-04 -1.4069E+00  5.1705E-03
  8.1349E+01  3.6842E+00 -1.0825E+00  7.5479E+01  0.0000E+00  1.8039E+02
  0.0000E+00 -3.5000E+01  1.6004E+02  9.6450E-01  0.0000E+00  0.0000E+00
  0.0000E+00  0.0000E+00

  1.0500E+02  2.5057E+02  1.0092E+02 -8.6262E-04 -1.4102E+00  5.1296E-03
  8.2610E+01  3.6831E+00 -1.0834E+00  7.5591E+01  0.0000E+00  1.8041E+02
  0.0000E+00 -3.5000E+01  1.6032E+02  9.6750E-01  0.0000E+00  0.0000E+00
  0.0000E+00  0.0000E+00
  1.0600E+02  2.5209E+02  1.0445E+02 -8.5586E-04 -1.4133E+00  5.0922E-03
  8.3873E+01  3.6819E+00 -1.0844E+00  7.5697E+01  0.0000E+00  1.8042E+02
  0.0000E+00 -3.5000E+01  1.6003E+02  9.6450E-01  0.0000E+00  0.0000E+00
  0.0000E+00  0.0000E+00
  1.0700E+02  2.5353E+02  1.0801E+02 -8.4953E-04 -1.4163E+00  5.0552E-03
  8.5138E+01  3.6806E+00 -1.0853E+00  7.5799E+01  0.0000E+00  1.8044E+02
  0.0000E+00 -3.5000E+01  1.6031E+02  9.6750E-01  0.0000E+00  0.0000E+00
  0.0000E+00  0.0000E+00
  1.0800E+02  2.5489E+02  1.1159E+02 -8.4387E-04 -1.4190E+00  5.0218E-03
  8.6405E+01  3.6792E+00 -1.0862E+00  7.5897E+01  0.0000E+00  1.8045E+02
  0.0000E+00 -3.5000E+01  1.6002E+02  9.6450E-01  0.0000E+00  0.0000E+00
  0.0000E+00  0.0000E+00
  1.0900E+02  2.5617E+02  1.1521E+02 -8.3847E-04 -1.4215E+00  4.9892E-03
  8.7673E+01  3.6776E+00 -1.0870E+00  7.5990E+01  0.0000E+00  1.8047E+02
  0.0000E+00 -3.5000E+01  1.6030E+02  9.6750E-01  0.0000E+00  0.0000E+00
  0.0000E+00  0.0000E+00
##          0         103   20190918  160155
##      1    3789                                       


  1.1000E+02  2.5738E+02  1.1885E+02 -8.3386E-04 -1.4239E+00  4.9606E-03
  8.8943E+01  3.6760E+00 -1.0878E+00  7.6078E+01  0.0000E+00  1.8048E+02
  0.0000E+00 -3.5000E+01  1.6001E+02  9.6450E-01  0.0000E+00  0.0000E+00
  0.0000E+00  0.0000E+00
  1.1100E+02  2.5850E+02  1.2251E+02 -8.2960E-04 -1.4261E+00  4.9328E-03
  9.0214E+01  3.6743E+00 -1.0886E+00  7.6163E+01  0.0000E+00  1.8049E+02
  0.0000E+00 -3.5000E+01  1.6029E+02  9.6750E-01  0.0000E+00  0.0000E+00
  0.0000E+00  0.0000E+00
  1.1200E+02  2.5954E+02  1.2620E+02 -8.2617E-04 -1.4281E+00  4.9087E-03
  9.1487E+01  3.6726E+00 -1.0893E+00  7.6244E+01  0.0000E+00  1.8051E+02
  0.0000E+00 -3.5000E+01  1.6000E+02  9.6450E-01  0.0000E+00  0.0000E+00
  0.0000E+00  0.0000E+00
  1.1300E+02  2.6050E+02  1.2991E+02 -8.2317E-04 -1.4300E+00  4.8851E-03
  9.2761E+01  3.6707E+00 -1.0900E+00  7.6321E+01  0.0000E+00  1.8052E+02
  0.0000E+00 -3.5000E+01  1.6028E+02  9.6750E-01  0.0000E+00  0.0000E+00
  0.0000E+00  0.0000E+00
  1.1400E+02  2.6138E+02  1.3363E+02 -8.2107E-04 -1.4317E+00  4.8648E-03
  9.4036E+01  3.6688E+00 -1.0907E+00  7.6395E+01  0.0000E+00  1.8053E+02
  0.0000E+00 -3.5000E+01  1.5999E+02  9.6450E-01  0.0000E+00  0.0000E+00
  0.0000E+00  0.0000E+00

  1.1500E+02  2.6218E+02  1.3738E+02 -8.1927E-04 -1.4333E+00  4.8446E-03
  9.5312E+01  3.6668E+00 -1.0913E+00  7.6466E+01  0.0000E+00  1.8054E+02
  0.0000E+00 -3.5000E+01  1.6027E+02  9.6750E-01  0.0000E+00  0.0000E+00
  0.0000E+00  0.0000E+00
  1.1600E+02  2.6289E+02  1.4113E+02 -8.1798E-04 -1.4347E+00  4.8273E-03
  9.6590E+01  3.6648E+00 -1.0919E+00  7.6533E+01  0.0000E+00  1.8055E+02
  0.0000E+00 -3.5000E+01  1.5998E+02  9.6450E-01  0.0000E+00  0.0000E+00
  0.0000E+00  0.0000E+00
  1.1700E+02  2.6353E+02  1.4490E+02 -8.1661E-04 -1.4361E+00  4.8097E-03
  9.7868E+01  3.6627E+00 -1.0925E+00  7.6597E+01  0.0000E+00  1.8056E+02
  0.0000E+00 -3.5000E+01  1.6026E+02  9.6750E-01  0.0000E+00  0.0000E+00
  0.0000E+00  0.0000E+00
  1.1800E+02  2.6407E+02  1.4869E+02 -8.1570E-04 -1.4372E+00  4.7951E-03
  9.9148E+01  3.6605E+00 -1.0931E+00  7.6658E+01  0.0000E+00  1.8056E+02
  0.0000E+00 -3.5000E+01  1.5997E+02  9.6450E-01  0.0000E+00  0.0000E+00
  0.0000E+00  0.0000E+00
  1.1900E+02  2.6454E+02  1.5248E+02 -8.1499E-04 -1.4384E+00  4.7804E-03
  1.0043E+02  3.6583E+00 -1.0936E+00  7.6716E+01  0.0000E+00  1.8057E+02
  0.0000E+00 -3.5000E+01  1.6024E+02  9.6750E-01  0.0000E+00  0.0000E+00
  0.0000E+00  0.0000E+00
##          0         103   20190918  160155
##      1    3789                                       


  1.2000E+02  2.6492E+02  1.5627E+02 -8.1492E-04 -1.4393E+00  4.7685E-03
  1.0171E+02  3.6561E+00 -1.0942E+00  7.6772E+01  0.0000E+00  1.8058E+02
  0.0000E+00 -3.5000E+01  1.5995E+02  9.6450E-01  0.0000E+00  0.0000E+00
  0.0000E+00  0.0000E+00
  1.2100E+02  2.6521E+02  1.6008E+02 -8.1498E-04 -1.4402E+00  4.7562E-03
  1.0299E+02  3.6538E+00 -1.0946E+00  7.6825E+01  0.0000E+00  1.8058E+02
  0.0000E+00 -3.5000E+01  1.6023E+02  9.6750E-01  0.0000E+00  0.0000E+00
  0.0000E+00  0.0000E+00
  1.2200E+02  2.6543E+02  1.6389E+02 -8.1553E-04 -1.4410E+00  4.7469E-03
  1.0428E+02  3.6515E+00 -1.0951E+00  7.6876E+01  0.0000E+00  1.8059E+02
  0.0000E+00 -3.5000E+01  1.5994E+02  9.6450E-01  0.0000E+00  0.0000E+00
  0.0000E+00  0.0000E+00
  1.2300E+02  2.6555E+02  1.6769E+02 -8.1589E-04 -1.4417E+00  4.7370E-03
  1.0556E+02  3.6491E+00 -1.0956E+00  7.6924E+01  0.0000E+00  1.8060E+02
  0.0000E+00 -3.5000E+01  1.6022E+02  9.6750E-01  0.0000E+00  0.0000E+00
  0.0000E+00  0.0000E+00
  1.2400E+02  2.6560E+02  1.7150E+02 -8.1657E-04 -1.4423E+00  4.7298E-03
  1.0685E+02  3.6467E+00 -1.0960E+00  7.6970E+01  0.0000E+00  1.8060E+02
  0.0000E+00 -3.5000E+01  1.5992E+02  9.6450E-01  0.0000E+00  0.0000E+00
  0.0000E+00  0.0000E+00

  1.2500E+02  2.6556E+02  1.7531E+02 -8.1729E-04 -1.4429E+00  4.7221E-03
  1.0813E+02  3.6443E+00 -1.0964E+00  7.7014E+01  0.0000E+00  1.8061E+02
  0.0000E+00 -3.5000E+01  1.6020E+02  9.6750E-01  0.0000E+00  0.0000E+00
  0.0000E+00  0.0000E+00
  1.2600E+02  2.6543E+02  1.7911E+02 -8.1865E-04 -1.4433E+00  4.7172E-03
  1.0942E+02  3.6419E+00 -1.0968E+00  7.7055E+01  0.0000E+00  1.8061E+02
  0.0000E+00 -3.5000E+01  1.5991E+02  9.6450E-01  0.0000E+00  0.0000E+00
  0.0000E+00  0.0000E+00
  1.2700E+02  2.6522E+02  1.8291E+02 -8.2024E-04 -1.4437E+00  4.7116E-03
  1.1070E+02  3.6394E+00 -1.0972E+00  7.7095E+01  0.0000E+00  1.8062E+02
  0.0000E+00 -3.5000E+01  1.6019E+02  9.6750E-01  0.0000E+00  0.0000E+00
  0.0000E+00  0.0000E+00
  1.2800E+02  2.6493E+02  1.8670E+02 -8.2220E-04 -1.4440E+00  4.7081E-03
  1.1199E+02  3.6370E+00 -1.0975E+00  7.7133E+01  0.0000E+00  1.8062E+02
  0.0000E+00 -3.5000E+01  1.5990E+02  9.6450E-01  0.0000E+00  0.0000E+00
  0.0000E+00  0.0000E+00
  1.2900E+02  2.6455E+02  1.9048E+02 -8.2397E-04 -1.4442E+00  4.7039E-03
  1.1328E+02  3.6345E+00 -1.0979E+00  7.7168E+01  0.0000E+00  1.8062E+02
  0.0000E+00 -3.5000E+01  1.6017E+02  9.6750E-01  0.0000E+00  0.0000E+00
  0.0000E+00  0.0000E+00
##          0         103   20190918  160155
##      1    3789                                       


  1.3000E+02  2.6409E+02  1.9424E+02 -8.2577E-04 -1.4444E+00  4.7019E-03
  1.1457E+02  3.6320E+00 -1.0982E+00  7.7202E+01  0.0000E+00  1.8063E+02
  0.0000E+00 -3.5000E+01  1.5988E+02  9.6450E-01  0.0000E+00  0.0000E+00
  0.0000E+00  0.0000E+00
  1.3100E+02  2.6355E+02  1.9800E+02 -8.2730E-04 -1.4445E+00  4.6992E-03
  1.1586E+02  3.6295E+00 -1.0985E+00  7.7235E+01  0.0000E+00  1.8063E+02
  0.0000E+00 -3.5000E+01  1.6016E+02  9.6750E-01  0.0000E+00  0.0000E+00
  0.0000E+00  0.0000E+00
  1.3200E+02  2.6292E+02  2.0174E+02 -8.2915E-04 -1.4445E+00  4.6989E-03
  1.1715E+02  3.6270E+00 -1.0988E+00  7.7266E+01  0.0000E+00  1.8063E+02
  0.0000E+00 -3.5000E+01  1.5987E+02  9.6450E-01  0.0000E+00  0.0000E+00
  0.0000E+00  0.0000E+00
  1.3300E+02  2.6221E+02  2.0546E+02 -8.3105E-04 -1.4445E+00  4.6976E-03
  1.1844E+02  3.6245E+00 -1.0991E+00  7.7295E+01  0.0000E+00  1.8063E+02
  0.0000E+00 -3.5000E+01  1.6014E+02  9.6750E-01  0.0000E+00  0.0000E+00
  0.0000E+00  0.0000E+00
  1.3400E+02  2.6142E+02  2.0916E+02 -8.3318E-04 -1.4445E+00  4.6982E-03
  1.1973E+02  3.6220E+00 -1.0994E+00  7.7323E+01  0.0000E+00  1.8064E+02
  0.0000E+00 -3.5000E+01  1.5985E+02  9.6450E-01  0.0000E+00  0.0000E+00
  0.0000E+00  0.0000E+00

  1.3500E+02  2.6054E+02  2.1284E+02 -8.3521E-04 -1.4444E+00  4.6978E-03
  1.2102E+02  3.6194E+00 -1.0996E+00  7.7349E+01  0.0000E+00  1.8064E+02
  0.0000E+00 -3.5000E+01  1.6013E+02  9.6750E-01  0.0000E+00  0.0000E+00
  0.0000E+00  0.0000E+00
  1.3600E+02  2.5959E+02  2.1650E+02 -8.3770E-04 -1.4442E+00  4.7000E-03
  1.2231E+02  3.6169E+00 -1.0999E+00  7.7374E+01  0.0000E+00  1.8064E+02
  0.0000E+00 -3.5000E+01  1.5984E+02  9.6450E-01  0.0000E+00  0.0000E+00
  0.0000E+00  0.0000E+00
  1.3700E+02  2.5855E+02  2.2014E+02 -8.4059E-04 -1.4440E+00  4.7025E-03
  1.2361E+02  3.6144E+00 -1.1001E+00  7.7400E+01  0.0000E+00  1.8064E+02
  0.0000E+00 -3.5000E+01  1.6011E+02  9.6750E-01  0.0000E+00  0.0000E+00
  0.0000E+00  0.0000E+00
  1.3800E+02  2.5744E+02  2.2374E+02 -8.4508E-04 -1.4435E+00  4.7081E-03
  1.2490E+02  3.6120E+00 -1.1004E+00  7.7426E+01  0.0000E+00  1.8064E+02
  0.0000E+00 -3.5000E+01  1.5982E+02  9.6450E-01  0.0000E+00  0.0000E+00
  0.0000E+00  0.0000E+00
  1.3900E+02  2.5624E+02  2.2733E+02 -8.5074E-04 -1.4430E+00  4.7119E-03
  1.2619E+02  3.6095E+00 -1.1007E+00  7.7452E+01  0.0000E+00  1.8064E+02
  0.0000E+00 -3.5000E+01  1.6010E+02  9.6750E-01  0.0000E+00  0.0000E+00
  0.0000E+00  0.0000E+00
##          0         103   20190918  160155
##      1    3789                                       


  1.4000E+02  2.5497E+02  2.3088E+02 -8.5674E-04 -1.4424E+00  4.7166E-03
  1.2749E+02  3.6071E+00 -1.1009E+00  7.7478E+01  0.0000E+00  1.8065E+02
  0.0000E+00 -3.5000E+01  1.5981E+02  9.6450E-01  0.0000E+00  0.0000E+00
  0.0000E+00  0.0000E+00
  1.4100E+02  2.5361E+02  2.3440E+02 -8.6094E-04 -1.4418E+00  4.7201E-03
  1.2878E+02  3.6047E+00 -1.1012E+00  7.7505E+01  0.0000E+00  1.8065E+02
  0.0000E+00 -3.5000E+01  1.6008E+02  9.6750E-01  0.0000E+00  0.0000E+00
  0.0000E+00  0.0000E+00
  1.4200E+02  2.5218E+02  2.3788E+02 -8.6251E-04 -1.4413E+00  4.7274E-03
  1.3008E+02  3.6022E+00 -1.1014E+00  7.7532E+01  0.0000E+00  1.8065E+02
  0.0000E+00 -3.5000E+01  1.5979E+02  9.6450E-01  0.0000E+00  0.0000E+00
  0.0000E+00  0.0000E+00
  1.4300E+02  2.5068E+02  2.4133E+02 -8.6148E-04 -1.4409E+00  4.7369E-03
  1.3137E+02  3.5999E+00 -1.1017E+00  7.7559E+01  0.0000E+00  1.8065E+02
  0.0000E+00 -3.5000E+01  1.6007E+02  9.6750E-01  0.0000E+00  0.0000E+00
  0.0000E+00  0.0000E+00
  1.4400E+02  2.4910E+02  2.4475E+02 -8.6016E-04 -1.4406E+00  4.7514E-03
  1.3267E+02  3.5975E+00 -1.1020E+00  7.7586E+01  0.0000E+00  1.8065E+02
  0.0000E+00 -3.5000E+01  1.5978E+02  9.6450E-01  0.0000E+00  0.0000E+00
  0.0000E+00  0.0000E+00

  1.4500E+02  2.4744E+02  2.4812E+02 -8.6002E-04 -1.4404E+00  4.7654E-03
  1.3396E+02  3.5951E+00 -1.1023E+00  7.7614E+01  0.0000E+00  1.8065E+02
  0.0000E+00 -3.5000E+01  1.6005E+02  9.6750E-01  0.0000E+00  0.0000E+00
  0.0000E+00  0.0000E+00
  1.4600E+02  2.4571E+02  2.5146E+02 -8.6256E-04 -1.4402E+00  4.7790E-03
  1.3526E+02  3.5928E+00 -1.1025E+00  7.7643E+01  0.0000E+00  1.8066E+02
  0.0000E+00 -3.5000E+01  1.5976E+02  9.6450E-01  0.0000E+00  0.0000E+00
  0.0000E+00  0.0000E+00
  1.4700E+02  2.4390E+02  2.5476E+02 -8.6690E-04 -1.4400E+00  4.7866E-03
  1.3656E+02  3.5905E+00 -1.1028E+00  7.7671E+01  0.0000E+00  1.8066E+02
  0.0000E+00 -3.5000E+01  1.6004E+02  9.6750E-01  0.0000E+00  0.0000E+00
  0.0000E+00  0.0000E+00
  1.4800E+02  2.4203E+02  2.5801E+02 -8.7187E-04 -1.4398E+00  4.7909E-03
  1.3785E+02  3.5881E+00 -1.1031E+00  7.7700E+01  0.0000E+00  1.8066E+02
  0.0000E+00 -3.5000E+01  1.5975E+02  9.6450E-01  0.0000E+00  0.0000E+00
  0.0000E+00  0.0000E+00
  1.4900E+02  2.4008E+02  2.6122E+02 -8.7507E-04 -1.4395E+00  4.7900E-03
  1.3915E+02  3.5858E+00 -1.1034E+00  7.7729E+01  0.0000E+00  1.8066E+02
  0.0000E+00 -3.5000E+01  1.6003E+02  9.6750E-01  0.0000E+00  0.0000E+00
  0.0000E+00  0.0000E+00
##          0         103   20190918  160155
##      1    3789                                       


  1.5000E+02  2.3806E+02  2.6438E+02 -8.7602E-04 -1.4392E+00  4.7900E-03
  1.4045E+02  3.5836E+00 -1.1037E+00  7.7759E+01  0.0000E+00  1.8067E+02
  0.0000E+00 -3.5000E+01  1.5973E+02  9.6450E-01  0.0000E+00  0.0000E+00
  0.0000E+00  0.0000E+00
  1.5100E+02  2.3597E+02  2.6749E+02 -8.7454E-04 -1.4389E+00  4.7904E-03
  1.4175E+02  3.5813E+00 -1.1040E+00  7.7789E+01  0.0000E+00  1.8067E+02
  0.0000E+00 -3.5000E+01  1.6001E+02  9.6750E-01  0.0000E+00  0.0000E+00
  0.0000E+00  0.0000E+00
  1.5200E+02  2.3382E+02  2.7056E+02 -8.7246E-04 -1.4386E+00  4.7958E-03
  1.4305E+02  3.5790E+00 -1.1042E+00  7.7819E+01  0.0000E+00  1.8067E+02
  0.0000E+00 -3.5000E+01  1.5972E+02  9.6450E-01  0.0000E+00  0.0000E+00
  0.0000E+00  0.0000E+00
  1.5300E+02  2.3159E+02  2.7357E+02 -8.7062E-04 -1.4383E+00  4.8028E-03
  1.4435E+02  3.5768E+00 -1.1045E+00  7.7850E+01  0.0000E+00  1.8067E+02
  0.0000E+00 -3.5000E+01  1.6000E+02  9.6750E-01  0.0000E+00  0.0000E+00
  0.0000E+00  0.0000E+00
  1.5400E+02  2.2931E+02  2.7653E+02 -8.7049E-04 -1.4381E+00  4.8131E-03
  1.4565E+02  3.5745E+00 -1.1048E+00  7.7881E+01  0.0000E+00  1.8068E+02
  0.0000E+00 -3.5000E+01  1.5971E+02  9.6450E-01  0.0000E+00  0.0000E+00
  0.0000E+00  0.0000E+00

  1.5500E+02  2.2695E+02  2.7944E+02 -8.7150E-04 -1.4379E+00  4.8214E-03
  1.4695E+02  3.5723E+00 -1.1051E+00  7.7912E+01  0.0000E+00  1.8068E+02
  0.0000E+00 -3.5000E+01  1.5998E+02  9.6750E-01  0.0000E+00  0.0000E+00
  0.0000E+00  0.0000E+00
  1.5600E+02  2.2454E+02  2.8229E+02 -8.7317E-04 -1.4378E+00  4.8293E-03
  1.4825E+02  3.5700E+00 -1.1054E+00  7.7944E+01  0.0000E+00  1.8068E+02
  0.0000E+00 -3.5000E+01  1.5969E+02  9.6450E-01  0.0000E+00  0.0000E+00
  0.0000E+00  0.0000E+00
  1.5700E+02  2.2206E+02  2.8509E+02 -8.7421E-04 -1.4377E+00  4.8332E-03
  1.4955E+02  3.5678E+00 -1.1057E+00  7.7976E+01  0.0000E+00  1.8068E+02
  0.0000E+00 -3.5000E+01  1.5997E+02  9.6750E-01  0.0000E+00  0.0000E+00
  0.0000E+00  0.0000E+00
  1.5800E+02  2.1952E+02  2.8783E+02 -8.7441E-04 -1.4375E+00  4.8366E-03
  1.5085E+02  3.5656E+00 -1.1060E+00  7.8008E+01  0.0000E+00  1.8069E+02
  0.0000E+00 -3.5000E+01  1.5968E+02  9.6450E-01  0.0000E+00  0.0000E+00
  0.0000E+00  0.0000E+00
  1.5900E+02  2.1692E+02  2.9050E+02 -8.7329E-04 -1.4374E+00  4.8375E-03
  1.5216E+02  3.5634E+00 -1.1063E+00  7.8041E+01  0.0000E+00  1.8069E+02
  0.0000E+00 -3.5000E+01  1.5996E+02  9.6750E-01  0.0000E+00  0.0000E+00
  0.0000E+00  0.0000E+00
##          0         103   20190918  160155
##      1    3789                                       


  1.6000E+02  2.1426E+02  2.9312E+02 -8.7173E-04 -1.4372E+00  4.8401E-03
  1.5346E+02  3.5612E+00 -1.1066E+00  7.8075E+01  0.0000E+00  1.8069E+02
  0.0000E+00 -3.5000E+01  1.5967E+02  9.6450E-01  0.0000E+00  0.0000E+00
  0.0000E+00  0.0000E+00
  1.6100E+02  2.1155E+02  2.9568E+02 -8.6992E-04 -1.4371E+00  4.8419E-03
  1.5476E+02  3.5590E+00 -1.1069E+00  7.8108E+01  0.0000E+00  1.8070E+02
  0.0000E+00 -3.5000E+01  1.5994E+02  9.6750E-01  0.0000E+00  0.0000E+00
  0.0000E+00  0.0000E+00
  1.6200E+02  2.0878E+02  2.9817E+02 -8.6866E-04 -1.4369E+00  4.8461E-03
  1.5607E+02  3.5569E+00 -1.1072E+00  7.8142E+01  0.0000E+00  1.8070E+02
  0.0000E+00 -3.5000E+01  1.5965E+02  9.6450E-01  0.0000E+00  0.0000E+00
  0.0000E+00  0.0000E+00
  1.6300E+02  2.0596E+02  3.0060E+02 -8.6742E-04 -1.4368E+00  4.8493E-03
  1.5737E+02  3.5547E+00 -1.1075E+00  7.8177E+01  0.0000E+00  1.8070E+02
  0.0000E+00 -3.5000E+01  1.5993E+02  9.6750E-01  0.0000E+00  0.0000E+00
  0.0000E+00  0.0000E+00
  1.6400E+02  2.0308E+02  3.0297E+02 -8.6649E-04 -1.4367E+00  4.8544E-03
  1.5868E+02  3.5525E+00 -1.1078E+00  7.8212E+01  0.0000E+00  1.8071E+02
  0.0000E+00 -3.5000E+01  1.5964E+02  9.6450E-01  0.0000E+00  0.0000E+00
  0.0000E+00  0.0000E+00

  1.6500E+02  2.0016E+02  3.0526E+02 -8.6505E-04 -1.4366E+00  4.8578E-03
  1.5999E+02  3.5503E+00 -1.1081E+00  7.8247E+01  0.0000E+00  1.8071E+02
  0.0000E+00 -3.5000E+01  1.5992E+02  9.6750E-01  0.0000E+00  0.0000E+00
  0.0000E+00  0.0000E+00
  1.6600E+02  1.9718E+02  3.0749E+02 -8.6355E-04 -1.4365E+00  4.8624E-03
  1.6129E+02  3.5482E+00 -1.1084E+00  7.8283E+01  0.0000E+00  1.8071E+02
  0.0000E+00 -3.5000E+01  1.5963E+02  9.6450E-01  0.0000E+00  0.0000E+00
  0.0000E+00  0.0000E+00
  1.6700E+02  1.9416E+02  3.0965E+02 -8.6162E-04 -1.4365E+00  4.8648E-03
  1.6260E+02  3.5460E+00 -1.1087E+00  7.8319E+01  0.0000E+00  1.8072E+02
  0.0000E+00 -3.5000E+01  1.5990E+02  9.6750E-01  0.0000E+00  0.0000E+00
  0.0000E+00  0.0000E+00
  1.6800E+02  1.9109E+02  3.1174E+02 -8.5981E-04 -1.4364E+00  4.8683E-03
  1.6391E+02  3.5439E+00 -1.1090E+00  7.8355E+01  0.0000E+00  1.8072E+02
  0.0000E+00 -3.5000E+01  1.5961E+02  9.6450E-01  0.0000E+00  0.0000E+00
  0.0000E+00  0.0000E+00
  1.6900E+02  1.8797E+02  3.1376E+02 -8.5773E-04 -1.4364E+00  4.8697E-03
  1.6522E+02  3.5417E+00 -1.1094E+00  7.8392E+01  0.0000E+00  1.8072E+02
  0.0000E+00 -3.5000E+01  1.5989E+02  9.6750E-01  0.0000E+00  0.0000E+00
  0.0000E+00  0.0000E+00
##          0         103   20190918  160155
##      1    3789                                       


  1.7000E+02  1.8481E+02  3.1571E+02 -8.5574E-04 -1.4363E+00  4.8723E-03
  1.6653E+02  3.5396E+00 -1.1097E+00  7.8429E+01  0.0000E+00  1.8073E+02
  0.0000E+00 -3.5000E+01  1.5960E+02  9.6450E-01  0.0000E+00  0.0000E+00
  0.0000E+00  0.0000E+00
  1.7100E+02  1.8161E+02  3.1759E+02 -8.5332E-04 -1.4363E+00  4.8732E-03
  1.6784E+02  3.5374E+00 -1.1100E+00  7.8467E+01  0.0000E+00  1.8073E+02
  0.0000E+00 -3.5000E+01  1.5988E+02  9.6750E-01  0.0000E+00  0.0000E+00
  0.0000E+00  0.0000E+00
  1.7200E+02  1.7837E+02  3.1939E+02 -8.5110E-04 -1.4362E+00  4.8757E-03
  1.6915E+02  3.5353E+00 -1.1103E+00  7.8505E+01  0.0000E+00  1.8074E+02
  0.0000E+00 -3.5000E+01  1.5959E+02  9.6450E-01  0.0000E+00  0.0000E+00
  0.0000E+00  0.0000E+00
  1.7300E+02  1.7510E+02  3.2111E+02 -8.4851E-04 -1.4362E+00  4.8767E-03
  1.7046E+02  3.5332E+00 -1.1106E+00  7.8543E+01  0.0000E+00  1.8074E+02
  0.0000E+00 -3.5000E+01  1.5987E+02  9.6750E-01  0.0000E+00  0.0000E+00
  0.0000E+00  0.0000E+00
  1.7400E+02  1.7178E+02  3.2276E+02 -8.4596E-04 -1.4362E+00  4.8795E-03
  1.7177E+02  3.5310E+00 -1.1110E+00  7.8582E+01  0.0000E+00  1.8074E+02
  0.0000E+00 -3.5000E+01  1.5958E+02  9.6450E-01  0.0000E+00  0.0000E+00
  0.0000E+00  0.0000E+00

  1.7500E+02  1.6843E+02  3.2434E+02 -8.4298E-04 -1.4362E+00  4.8808E-03
  1.7308E+02  3.5289E+00 -1.1113E+00  7.8622E+01  0.0000E+00  1.8075E+02
  0.0000E+00 -3.5000E+01  1.5985E+02  9.6750E-01  0.0000E+00  0.0000E+00
  0.0000E+00  0.0000E+00
  1.7600E+02  1.6505E+02  3.2584E+02 -8.4021E-04 -1.4362E+00  4.8837E-03
  1.7440E+02  3.5268E+00 -1.1116E+00  7.8661E+01  0.0000E+00  1.8075E+02
  0.0000E+00 -3.5000E+01  1.5956E+02  9.6450E-01  0.0000E+00  0.0000E+00
  0.0000E+00  0.0000E+00
  1.7700E+02  1.6164E+02  3.2726E+02 -8.3721E-04 -1.4363E+00  4.8848E-03
  1.7571E+02  3.5246E+00 -1.1120E+00  7.8701E+01  0.0000E+00  1.8076E+02
  0.0000E+00 -3.5000E+01  1.5984E+02  9.6750E-01  0.0000E+00  0.0000E+00
  0.0000E+00  0.0000E+00
  1.7800E+02  1.5820E+02  3.2860E+02 -8.3446E-04 -1.4363E+00  4.8871E-03
  1.7703E+02  3.5225E+00 -1.1123E+00  7.8742E+01  0.0000E+00  1.8076E+02
  0.0000E+00 -3.5000E+01  1.5955E+02  9.6450E-01  0.0000E+00  0.0000E+00
  0.0000E+00  0.0000E+00
  1.7900E+02  1.5472E+02  3.2986E+02 -8.3134E-04 -1.4363E+00  4.8874E-03
  1.7834E+02  3.5204E+00 -1.1126E+00  7.8783E+01  0.0000E+00  1.8077E+02
  0.0000E+00 -3.5000E+01  1.5983E+02  9.6750E-01  0.0000E+00  0.0000E+00
  0.0000E+00  0.0000E+00
##          0         103   20190918  160155
##      1    3789                                       


  1.8000E+02  1.5123E+02  3.3104E+02 -8.2839E-04 -1.4364E+00  4.8890E-03
  1.7966E+02  3.5182E+00 -1.1130E+00  7.8824E+01  0.0000E+00  1.8077E+02
  0.0000E+00 -3.5000E+01  1.5954E+02  9.6450E-01  0.0000E+00  0.0000E+00
  0.0000E+00  0.0000E+00
  1.8100E+02  1.4771E+02  3.3214E+02 -8.2509E-04 -1.4364E+00  4.8890E-03
  1.8097E+02  3.5161E+00 -1.1133E+00  7.8866E+01  0.0000E+00  1.8077E+02
  0.0000E+00 -3.5000E+01  1.5981E+02  9.6750E-01  0.0000E+00  0.0000E+00
  0.0000E+00  0.0000E+00
  1.8200E+02  1.4416E+02  3.3317E+02 -8.2189E-04 -1.4365E+00  4.8905E-03
  1.8229E+02  3.5140E+00 -1.1137E+00  7.8908E+01  0.0000E+00  1.8078E+02
  0.0000E+00 -3.5000E+01  1.5952E+02  9.6450E-01  0.0000E+00  0.0000E+00
  0.0000E+00  0.0000E+00
  1.8300E+02  1.4060E+02  3.3411E+02 -8.1838E-04 -1.4365E+00  4.8906E-03
  1.8361E+02  3.5118E+00 -1.1140E+00  7.8950E+01  0.0000E+00  1.8078E+02
  0.0000E+00 -3.5000E+01  1.5980E+02  9.6750E-01  0.0000E+00  0.0000E+00
  0.0000E+00  0.0000E+00
  1.8400E+02  1.3702E+02  3.3496E+02 -8.1517E-04 -1.4366E+00  4.8925E-03
  1.8493E+02  3.5097E+00 -1.1143E+00  7.8993E+01  0.0000E+00  1.8079E+02
  0.0000E+00 -3.5000E+01  1.5951E+02  9.6450E-01  0.0000E+00  0.0000E+00
  0.0000E+00  0.0000E+00

  1.8500E+02  1.3342E+02  3.3574E+02 -8.1173E-04 -1.4367E+00  4.8928E-03
  1.8625E+02  3.5076E+00 -1.1147E+00  7.9035E+01  0.0000E+00  1.8079E+02
  0.0000E+00 -3.5000E+01  1.5979E+02  9.6750E-01  0.0000E+00  0.0000E+00
  0.0000E+00  0.0000E+00
  1.8600E+02  1.2981E+02  3.3643E+02 -8.0861E-04 -1.4368E+00  4.8948E-03
  1.8757E+02  3.5054E+00 -1.1150E+00  7.9079E+01  0.0000E+00  1.8080E+02
  0.0000E+00 -3.5000E+01  1.5950E+02  9.6450E-01  0.0000E+00  0.0000E+00
  0.0000E+00  0.0000E+00
  1.8700E+02  1.2618E+02  3.3704E+02 -8.0508E-04 -1.4369E+00  4.8950E-03
  1.8889E+02  3.5033E+00 -1.1154E+00  7.9122E+01  0.0000E+00  1.8080E+02
  0.0000E+00 -3.5000E+01  1.5978E+02  9.6750E-01  0.0000E+00  0.0000E+00
  0.0000E+00  0.0000E+00
  1.8800E+02  1.2254E+02  3.3757E+02 -8.0158E-04 -1.4370E+00  4.8965E-03
  1.9021E+02  3.5012E+00 -1.1158E+00  7.9165E+01  0.0000E+00  1.8081E+02
  0.0000E+00 -3.5000E+01  1.5949E+02  9.6450E-01  0.0000E+00  0.0000E+00
  0.0000E+00  0.0000E+00
  1.8900E+02  1.1890E+02  3.3802E+02 -7.9784E-04 -1.4371E+00  4.8963E-03
  1.9153E+02  3.4990E+00 -1.1161E+00  7.9209E+01  0.0000E+00  1.8081E+02
  0.0000E+00 -3.5000E+01  1.5976E+02  9.6750E-01  0.0000E+00  0.0000E+00
  0.0000E+00  0.0000E+00
##          0         103   20190918  160155
##      1    3789                                       


  1.9000E+02  1.1524E+02  3.3838E+02 -7.9442E-04 -1.4372E+00  4.8976E-03
  1.9286E+02  3.4969E+00 -1.1165E+00  7.9253E+01  0.0000E+00  1.8082E+02
  0.0000E+00 -3.5000E+01  1.5947E+02  9.6450E-01  0.0000E+00  0.0000E+00
  0.0000E+00  0.0000E+00
  1.9100E+02  1.1158E+02  3.3866E+02 -7.9090E-04 -1.4373E+00  4.8973E-03
  1.9418E+02  3.4947E+00 -1.1168E+00  7.9297E+01  0.0000E+00  1.8082E+02
  0.0000E+00 -3.5000E+01  1.5975E+02  9.6750E-01  0.0000E+00  0.0000E+00
  0.0000E+00  0.0000E+00
  1.9200E+02  1.0792E+02  3.3885E+02 -7.8762E-04 -1.4374E+00  4.8985E-03
  1.9550E+02  3.4926E+00 -1.1172E+00  7.9342E+01  0.0000E+00  1.8083E+02
  0.0000E+00 -3.5000E+01  1.5946E+02  9.6450E-01  0.0000E+00  0.0000E+00
  0.0000E+00  0.0000E+00
  1.9300E+02  1.0426E+02  3.3896E+02 -7.8393E-04 -1.4376E+00  4.8981E-03
  1.9683E+02  3.4904E+00 -1.1176E+00  7.9387E+01  0.0000E+00  1.8083E+02
  0.0000E+00 -3.5000E+01  1.5974E+02  9.6750E-01  0.0000E+00  0.0000E+00
  0.0000E+00  0.0000E+00
  1.9400E+02  1.0059E+02  3.3899E+02 -7.8047E-04 -1.4377E+00  4.8993E-03
  1.9816E+02  3.4882E+00 -1.1179E+00  7.9432E+01  0.0000E+00  1.8084E+02
  0.0000E+00 -3.5000E+01  1.5945E+02  9.6450E-01  0.0000E+00  0.0000E+00
  0.0000E+00  0.0000E+00

  1.9500E+02  9.6931E+01  3.3893E+02 -7.7682E-04 -1.4379E+00  4.8989E-03
  1.9948E+02  3.4861E+00 -1.1183E+00  7.9477E+01  0.0000E+00  1.8084E+02
  0.0000E+00 -3.5000E+01  1.5972E+02  9.6750E-01  0.0000E+00  0.0000E+00
  0.0000E+00  0.0000E+00
  1.9600E+02  9.3273E+01  3.3879E+02 -7.7325E-04 -1.4380E+00  4.9001E-03
  2.0081E+02  3.4839E+00 -1.1187E+00  7.9522E+01  0.0000E+00  1.8085E+02
  0.0000E+00 -3.5000E+01  1.5943E+02  9.6450E-01  0.0000E+00  0.0000E+00
  0.0000E+00  0.0000E+00
  1.9700E+02  8.9622E+01  3.3856E+02 -7.6939E-04 -1.4382E+00  4.8997E-03
  2.0214E+02  3.4818E+00 -1.1190E+00  7.9568E+01  0.0000E+00  1.8085E+02
  0.0000E+00 -3.5000E+01  1.5971E+02  9.6750E-01  0.0000E+00  0.0000E+00
  0.0000E+00  0.0000E+00
  1.9800E+02  8.5979E+01  3.3825E+02 -7.6589E-04 -1.4383E+00  4.9008E-03
  2.0347E+02  3.4796E+00 -1.1194E+00  7.9614E+01  0.0000E+00  1.8086E+02
  0.0000E+00 -3.5000E+01  1.5942E+02  9.6450E-01  0.0000E+00  0.0000E+00
  0.0000E+00  0.0000E+00
  1.9900E+02  8.2346E+01  3.3786E+02 -7.6212E-04 -1.4385E+00  4.9002E-03
  2.0480E+02  3.4774E+00 -1.1198E+00  7.9660E+01  0.0000E+00  1.8086E+02
  0.0000E+00 -3.5000E+01  1.5970E+02  9.6750E-01  0.0000E+00  0.0000E+00
  0.0000E+00  0.0000E+00
##          0         103   20190918  160155
##      1    3789                                       


  2.0000E+02  7.8724E+01  3.3739E+02 -7.5858E-04 -1.4386E+00  4.9012E-03
  2.0613E+02  3.4752E+00 -1.1201E+00  7.9706E+01  0.0000E+00  1.8087E+02
  0.0000E+00 -3.5000E+01  1.5941E+02  9.6450E-01  0.0000E+00  0.0000E+00
  0.0000E+00  0.0000E+00
  2.0100E+02  7.5117E+01  3.3683E+02 -7.5496E-04 -1.4388E+00  4.9006E-03
  2.0746E+02  3.4731E+00 -1.1205E+00  7.9753E+01  0.0000E+00  1.8087E+02
  0.0000E+00 -3.5000E+01  1.5968E+02  9.6750E-01  0.0000E+00  0.0000E+00
  0.0000E+00  0.0000E+00
  2.0200E+02  7.1525E+01  3.3619E+02 -7.5169E-04 -1.4389E+00  4.9016E-03
  2.0879E+02  3.4709E+00 -1.1209E+00  7.9800E+01  0.0000E+00  1.8088E+02
  0.0000E+00 -3.5000E+01  1.5939E+02  9.6450E-01  0.0000E+00  0.0000E+00
  0.0000E+00  0.0000E+00
  2.0300E+02  6.7951E+01  3.3547E+02 -7.4809E-04 -1.4391E+00  4.9010E-03
  2.1013E+02  3.4687E+00 -1.1213E+00  7.9847E+01  0.0000E+00  1.8088E+02
  0.0000E+00 -3.5000E+01  1.5967E+02  9.6750E-01  0.0000E+00  0.0000E+00
  0.0000E+00  0.0000E+00
  2.0400E+02  6.4396E+01  3.3466E+02 -7.4472E-04 -1.4393E+00  4.9020E-03
  2.1146E+02  3.4665E+00 -1.1216E+00  7.9894E+01  0.0000E+00  1.8089E+02
  0.0000E+00 -3.5000E+01  1.5938E+02  9.6450E-01  0.0000E+00  0.0000E+00
  0.0000E+00  0.0000E+00

  2.0500E+02  6.0862E+01  3.3378E+02 -7.4125E-04 -1.4395E+00  4.9015E-03
  2.1279E+02  3.4643E+00 -1.1220E+00  7.9941E+01  0.0000E+00  1.8089E+02
  0.0000E+00 -3.5000E+01  1.5966E+02  9.6750E-01  0.0000E+00  0.0000E+00
  0.0000E+00  0.0000E+00
  2.0600E+02  5.7352E+01  3.3282E+02 -7.3810E-04 -1.4396E+00  4.9026E-03
  2.1413E+02  3.4621E+00 -1.1224E+00  7.9989E+01  0.0000E+00  1.8090E+02
  0.0000E+00 -3.5000E+01  1.5937E+02  9.6450E-01  0.0000E+00  0.0000E+00
  0.0000E+00  0.0000E+00
  2.0700E+02  5.3867E+01  3.3177E+02 -7.3459E-04 -1.4398E+00  4.9020E-03
  2.1547E+02  3.4599E+00 -1.1228E+00  8.0037E+01  0.0000E+00  1.8090E+02
  0.0000E+00 -3.5000E+01  1.5964E+02  9.6750E-01  0.0000E+00  0.0000E+00
  0.0000E+00  0.0000E+00
  2.0800E+02  5.0408E+01  3.3065E+02 -7.3130E-04 -1.4400E+00  4.9029E-03
  2.1680E+02  3.4577E+00 -1.1231E+00  8.0085E+01  0.0000E+00  1.8091E+02
  0.0000E+00 -3.5000E+01  1.5935E+02  9.6450E-01  0.0000E+00  0.0000E+00
  0.0000E+00  0.0000E+00
  2.0900E+02  4.6978E+01  3.2944E+02 -7.2803E-04 -1.4402E+00  4.9024E-03
  2.1814E+02  3.4555E+00 -1.1235E+00  8.0133E+01  0.0000E+00  1.8091E+02
  0.0000E+00 -3.5000E+01  1.5963E+02  9.6750E-01  0.0000E+00  0.0000E+00
  0.0000E+00  0.0000E+00
##          0         103   20190918  160156
##      1    3789                                       


  2.1000E+02  4.3579E+01  3.2816E+02 -7.2562E-04 -1.4402E+00  4.9031E-03
  2.1948E+02  3.4532E+00 -1.1240E+00  8.0180E+01  0.0000E+00  1.8092E+02
  0.0000E+00 -3.5000E+01  1.5934E+02  9.6450E-01  0.0000E+00  0.0000E+00
  0.0000E+00  0.0000E+00
  2.1100E+02  4.0212E+01  3.2680E+02 -7.2461E-04 -1.4401E+00  4.9000E-03
  2.2082E+02  3.4510E+00 -1.1244E+00  8.0226E+01  0.0000E+00  1.8093E+02
  0.0000E+00 -3.5000E+01  1.5962E+02  9.6750E-01  0.0000E+00  0.0000E+00
  0.0000E+00  0.0000E+00
  2.1200E+02  3.6879E+01  3.2537E+02 -7.2519E-04 -1.4398E+00  4.8957E-03
  2.2216E+02  3.4488E+00 -1.1249E+00  8.0272E+01  0.0000E+00  1.8093E+02
  0.0000E+00 -3.5000E+01  1.5933E+02  9.6450E-01  0.0000E+00  0.0000E+00
  0.0000E+00  0.0000E+00
  2.1300E+02  3.3582E+01  3.2386E+02 -7.2478E-04 -1.4395E+00  4.8883E-03
  2.2350E+02  3.4466E+00 -1.1254E+00  8.0316E+01  0.0000E+00  1.8094E+02
  0.0000E+00 -3.5000E+01  1.5960E+02  9.6750E-01  0.0000E+00  0.0000E+00
  0.0000E+00  0.0000E+00
  2.1400E+02  3.0323E+01  3.2227E+02 -7.2175E-04 -1.4392E+00  4.8846E-03
  2.2484E+02  3.4443E+00 -1.1259E+00  8.0360E+01  0.0000E+00  1.8094E+02
  0.0000E+00 -3.5000E+01  1.5931E+02  9.6450E-01  0.0000E+00  0.0000E+00
  0.0000E+00  0.0000E+00

  2.1500E+02  2.7102E+01  3.2061E+02 -7.1521E-04 -1.4391E+00  4.8850E-03
  2.2618E+02  3.4421E+00 -1.1265E+00  8.0403E+01  0.0000E+00  1.8095E+02
  0.0000E+00 -3.5000E+01  1.5959E+02  9.6750E-01  0.0000E+00  0.0000E+00
  0.0000E+00  0.0000E+00
  2.1600E+02  2.3923E+01  3.1888E+02 -7.0717E-04 -1.4391E+00  4.8939E-03
  2.2753E+02  3.4398E+00 -1.1270E+00  8.0445E+01  0.0000E+00  1.8095E+02
  0.0000E+00 -3.5000E+01  1.5930E+02  9.6450E-01  0.0000E+00  0.0000E+00
  0.0000E+00  0.0000E+00
  2.1700E+02  2.0786E+01  3.1708E+02 -7.0002E-04 -1.4393E+00  4.9059E-03
  2.2887E+02  3.4375E+00 -1.1276E+00  8.0486E+01  0.0000E+00  1.8096E+02
  0.0000E+00 -3.5000E+01  1.5958E+02  9.6750E-01  0.0000E+00  0.0000E+00
  0.0000E+00  0.0000E+00
  2.1800E+02  1.7693E+01  3.1520E+02 -6.9652E-04 -1.4396E+00  4.9200E-03
  2.3022E+02  3.4353E+00 -1.1282E+00  8.0527E+01  0.0000E+00  1.8096E+02
  0.0000E+00 -3.5000E+01  1.5929E+02  9.6450E-01  0.0000E+00  0.0000E+00
  0.0000E+00  0.0000E+00
  2.1900E+02  1.4647E+01  3.1326E+02 -6.9661E-04 -1.4399E+00  4.9280E-03
  2.3156E+02  3.4330E+00 -1.1287E+00  8.0566E+01  0.0000E+00  1.8097E+02
  0.0000E+00 -3.5000E+01  1.5956E+02  9.6750E-01  0.0000E+00  0.0000E+00
  0.0000E+00  0.0000E+00
##          0         103   20190918  160156
##      1    3789                                       


  2.2000E+02  1.1647E+01  3.1124E+02 -6.9934E-04 -1.4402E+00  4.9307E-03
  2.3291E+02  3.4307E+00 -1.1293E+00  8.0605E+01  0.0000E+00  1.8098E+02
  0.0000E+00 -3.5000E+01  1.5927E+02  9.6450E-01  0.0000E+00  0.0000E+00
  0.0000E+00  0.0000E+00
  2.2100E+02  8.6970E+00  3.0916E+02 -7.0149E-04 -1.4404E+00  4.9251E-03
  2.3425E+02  3.4284E+00 -1.1299E+00  8.0644E+01  0.0000E+00  1.8098E+02
  0.0000E+00 -3.5000E+01  1.5955E+02  9.6750E-01  0.0000E+00  0.0000E+00
  0.0000E+00  0.0000E+00
  2.2200E+02  5.7973E+00  3.0701E+02 -7.0145E-04 -1.4405E+00  4.9177E-03
  2.3560E+02  3.4261E+00 -1.1305E+00  8.0681E+01  0.0000E+00  1.8099E+02
  0.0000E+00 -3.5000E+01  1.5926E+02  9.6450E-01  0.0000E+00  0.0000E+00
  0.0000E+00  0.0000E+00
  2.2300E+02  2.9497E+00  3.0480E+02 -6.9815E-04 -1.4406E+00  4.9094E-03
  2.3695E+02  3.4238E+00 -1.1311E+00  8.0718E+01  0.0000E+00  1.8099E+02
  0.0000E+00 -3.5000E+01  1.5953E+02  9.6750E-01  0.0000E+00  0.0000E+00
  0.0000E+00  0.0000E+00
  2.2400E+02  1.5562E-01  3.0252E+02 -6.9314E-04 -1.4406E+00  4.9071E-03
  2.3830E+02  3.4215E+00 -1.1317E+00  8.0754E+01  0.0000E+00  1.8100E+02
  0.0000E+00 -3.5000E+01  1.5924E+02  9.6450E-01  0.0000E+00  0.0000E+00
  0.0000E+00  0.0000E+00

  2.2500E+02 -2.5834E+00  3.0018E+02 -6.8794E-04 -1.4407E+00  4.9086E-03
  2.3964E+02  3.4192E+00 -1.1324E+00  8.0789E+01  0.0000E+00  1.8100E+02
  0.0000E+00 -3.5000E+01  1.5952E+02  9.6750E-01  0.0000E+00  0.0000E+00
  0.0000E+00  0.0000E+00
  2.2600E+02 -5.2659E+00  2.9778E+02 -6.8474E-04 -1.4408E+00  4.9161E-03
  2.4099E+02  3.4169E+00 -1.1330E+00  8.0824E+01  0.0000E+00  1.8101E+02
  0.0000E+00 -3.5000E+01  1.5923E+02  9.6450E-01  0.0000E+00  0.0000E+00
  0.0000E+00  0.0000E+00
  2.2700E+02 -7.8905E+00  2.9532E+02 -6.8376E-04 -1.4410E+00  4.9237E-03
  2.4234E+02  3.4146E+00 -1.1336E+00  8.0858E+01  0.0000E+00  1.8101E+02
  0.0000E+00 -3.5000E+01  1.5951E+02  9.6750E-01  0.0000E+00  0.0000E+00
  0.0000E+00  0.0000E+00
  2.2800E+02 -1.0456E+01  2.9279E+02 -6.8480E-04 -1.4412E+00  4.9318E-03
  2.4369E+02  3.4122E+00 -1.1342E+00  8.0891E+01  0.0000E+00  1.8101E+02
  0.0000E+00 -3.5000E+01  1.5922E+02  9.6450E-01  0.0000E+00  0.0000E+00
  0.0000E+00  0.0000E+00
  2.2900E+02 -1.2961E+01  2.9022E+02 -6.8615E-04 -1.4414E+00  4.9355E-03
  2.4505E+02  3.4099E+00 -1.1348E+00  8.0924E+01  0.0000E+00  1.8102E+02
  0.0000E+00 -3.5000E+01  1.5949E+02  9.6750E-01  0.0000E+00  0.0000E+00
  0.0000E+00  0.0000E+00
##          0         103   20190918  160156
##      1    3789                                       


  2.3000E+02 -1.5403E+01  2.8758E+02 -6.8715E-04 -1.4416E+00  4.9379E-03
  2.4640E+02  3.4076E+00 -1.1354E+00  8.0956E+01  0.0000E+00  1.8102E+02
  0.0000E+00 -3.5000E+01  1.5920E+02  9.6450E-01  0.0000E+00  0.0000E+00
  0.0000E+00  0.0000E+00
  2.3100E+02 -1.7783E+01  2.8489E+02 -6.8684E-04 -1.4418E+00  4.9367E-03
  2.4775E+02  3.4053E+00 -1.1360E+00  8.0987E+01  0.0000E+00  1.8103E+02
  0.0000E+00 -3.5000E+01  1.5948E+02  9.6750E-01  0.0000E+00  0.0000E+00
  0.0000E+00  0.0000E+00
  2.3200E+02 -2.0098E+01  2.8215E+02 -6.8591E-04 -1.4419E+00  4.9366E-03
  2.4910E+02  3.4029E+00 -1.1366E+00  8.1018E+01  0.0000E+00  1.8103E+02
  0.0000E+00 -3.5000E+01  1.5919E+02  9.6450E-01  0.0000E+00  0.0000E+00
  0.0000E+00  0.0000E+00
  2.3300E+02 -2.2348E+01  2.7936E+02 -6.8450E-04 -1.4420E+00  4.9356E-03
  2.5046E+02  3.4006E+00 -1.1372E+00  8.1048E+01  0.0000E+00  1.8104E+02
  0.0000E+00 -3.5000E+01  1.5946E+02  9.6750E-01  0.0000E+00  0.0000E+00
  0.0000E+00  0.0000E+00
  2.3400E+02 -2.4531E+01  2.7651E+02 -6.8375E-04 -1.4420E+00  4.9378E-03
  2.5181E+02  3.3983E+00 -1.1378E+00  8.1077E+01  0.0000E+00  1.8104E+02
  0.0000E+00 -3.5000E+01  1.5917E+02  9.6450E-01  0.0000E+00  0.0000E+00
  0.0000E+00  0.0000E+00

  2.3500E+02 -2.6645E+01  2.7362E+02 -6.8356E-04 -1.4421E+00  4.9402E-03
  2.5316E+02  3.3960E+00 -1.1384E+00  8.1106E+01  0.0000E+00  1.8104E+02
  0.0000E+00 -3.5000E+01  1.5945E+02  9.6750E-01  0.0000E+00  0.0000E+00
  0.0000E+00  0.0000E+00
  2.3600E+02 -2.8691E+01  2.7068E+02 -6.8410E-04 -1.4422E+00  4.9453E-03
  2.5452E+02  3.3936E+00 -1.1390E+00  8.1134E+01  0.0000E+00  1.8105E+02
  0.0000E+00 -3.5000E+01  1.5916E+02  9.6450E-01  0.0000E+00  0.0000E+00
  0.0000E+00  0.0000E+00
  2.3700E+02 -3.0667E+01  2.6770E+02 -6.8471E-04 -1.4423E+00  4.9494E-03
  2.5587E+02  3.3913E+00 -1.1396E+00  8.1162E+01  0.0000E+00  1.8105E+02
  0.0000E+00 -3.5000E+01  1.5944E+02  9.6750E-01  0.0000E+00  0.0000E+00
  0.0000E+00  0.0000E+00
  2.3800E+02 -3.2572E+01  2.6467E+02 -6.8578E-04 -1.4423E+00  4.9552E-03
  2.5723E+02  3.3890E+00 -1.1402E+00  8.1189E+01  0.0000E+00  1.8106E+02
  0.0000E+00 -3.5000E+01  1.5915E+02  9.6450E-01  0.0000E+00  0.0000E+00
  0.0000E+00  0.0000E+00
  2.3900E+02 -3.4404E+01  2.6160E+02 -6.8679E-04 -1.4424E+00  4.9592E-03
  2.5859E+02  3.3867E+00 -1.1407E+00  8.1215E+01  0.0000E+00  1.8106E+02
  0.0000E+00 -3.5000E+01  1.5942E+02  9.6750E-01  0.0000E+00  0.0000E+00
  0.0000E+00  0.0000E+00
##          0         103   20190918  160156
##      1    3789                                       


  2.4000E+02 -3.6164E+01  2.5849E+02 -6.8799E-04 -1.4425E+00  4.9641E-03
  2.5994E+02  3.3844E+00 -1.1413E+00  8.1241E+01  0.0000E+00  1.8106E+02
  0.0000E+00 -3.5000E+01  1.5913E+02  9.6450E-01  0.0000E+00  0.0000E+00
  0.0000E+00  0.0000E+00
  2.4100E+02 -3.7849E+01  2.5534E+02 -6.8910E-04 -1.4425E+00  4.9669E-03
  2.6130E+02  3.3821E+00 -1.1419E+00  8.1267E+01  0.0000E+00  1.8107E+02
  0.0000E+00 -3.5000E+01  1.5941E+02  9.6750E-01  0.0000E+00  0.0000E+00
  0.0000E+00  0.0000E+00
  2.4200E+02 -3.9460E+01  2.5216E+02 -6.9067E-04 -1.4426E+00  4.9709E-03
  2.6266E+02  3.3798E+00 -1.1425E+00  8.1292E+01  0.0000E+00  1.8107E+02
  0.0000E+00 -3.5000E+01  1.5912E+02  9.6450E-01  0.0000E+00  0.0000E+00
  0.0000E+00  0.0000E+00
  2.4300E+02 -4.0995E+01  2.4894E+02 -6.9229E-04 -1.4426E+00  4.9734E-03
  2.6401E+02  3.3775E+00 -1.1430E+00  8.1316E+01  0.0000E+00  1.8107E+02
  0.0000E+00 -3.5000E+01  1.5939E+02  9.6750E-01  0.0000E+00  0.0000E+00
  0.0000E+00  0.0000E+00
  2.4400E+02 -4.2454E+01  2.4569E+02 -6.9415E-04 -1.4426E+00  4.9778E-03
  2.6537E+02  3.3752E+00 -1.1436E+00  8.1340E+01  0.0000E+00  1.8108E+02
  0.0000E+00 -3.5000E+01  1.5910E+02  9.6450E-01  0.0000E+00  0.0000E+00
  0.0000E+00  0.0000E+00

  2.4500E+02 -4.3836E+01  2.4240E+02 -6.9585E-04 -1.4426E+00  4.9811E-03
  2.6673E+02  3.3729E+00 -1.1441E+00  8.1363E+01  0.0000E+00  1.8108E+02
  0.0000E+00 -3.5000E+01  1.5938E+02  9.6750E-01  0.0000E+00  0.0000E+00
  0.0000E+00  0.0000E+00
  2.4600E+02 -4.5139E+01  2.3909E+02 -6.9789E-04 -1.4425E+00  4.9867E-03
  2.6809E+02  3.3706E+00 -1.1447E+00  8.1386E+01  0.0000E+00  1.8108E+02
  0.0000E+00 -3.5000E+01  1.5909E+02  9.6450E-01  0.0000E+00  0.0000E+00
  0.0000E+00  0.0000E+00
  2.4700E+02 -4.6365E+01  2.3575E+02 -6.9973E-04 -1.4425E+00  4.9914E-03
  2.6945E+02  3.3683E+00 -1.1452E+00  8.1408E+01  0.0000E+00  1.8108E+02
  0.0000E+00 -3.5000E+01  1.5937E+02  9.6750E-01  0.0000E+00  0.0000E+00
  0.0000E+00  0.0000E+00
  2.4800E+02 -4.7511E+01  2.3238E+02 -7.0219E-04 -1.4425E+00  4.9980E-03
  2.7081E+02  3.3661E+00 -1.1457E+00  8.1430E+01  0.0000E+00  1.8109E+02
  0.0000E+00 -3.5000E+01  1.5908E+02  9.6450E-01  0.0000E+00  0.0000E+00
  0.0000E+00  0.0000E+00
  2.4900E+02 -4.8578E+01  2.2899E+02 -7.0475E-04 -1.4424E+00  5.0032E-03
  2.7217E+02  3.3638E+00 -1.1463E+00  8.1451E+01  0.0000E+00  1.8109E+02
  0.0000E+00 -3.5000E+01  1.5935E+02  9.6750E-01  0.0000E+00  0.0000E+00
  0.0000E+00  0.0000E+00
##          0         103   20190918  160156
##      1    3789                                       


  2.5000E+02 -4.9564E+01  2.2558E+02 -7.0786E-04 -1.4424E+00  5.0097E-03
  2.7353E+02  3.3616E+00 -1.1468E+00  8.1472E+01  0.0000E+00  1.8109E+02
  0.0000E+00 -3.5000E+01  1.5906E+02  9.6450E-01  0.0000E+00  0.0000E+00
  0.0000E+00  0.0000E+00
  2.5100E+02 -5.0470E+01  2.2215E+02 -7.1087E-04 -1.4423E+00  5.0143E-03
  2.7489E+02  3.3593E+00 -1.1473E+00  8.1493E+01  0.0000E+00  1.8110E+02
  0.0000E+00 -3.5000E+01  1.5934E+02  9.6750E-01  0.0000E+00  0.0000E+00
  0.0000E+00  0.0000E+00
  2.5200E+02 -5.1295E+01  2.1869E+02 -7.1415E-04 -1.4422E+00  5.0202E-03
  2.7625E+02  3.3571E+00 -1.1478E+00  8.1513E+01  0.0000E+00  1.8110E+02
  0.0000E+00 -3.5000E+01  1.5905E+02  9.6450E-01  0.0000E+00  0.0000E+00
  0.0000E+00  0.0000E+00
  2.5300E+02 -5.2038E+01  2.1523E+02 -7.1721E-04 -1.4422E+00  5.0245E-03
  2.7761E+02  3.3549E+00 -1.1483E+00  8.1532E+01  0.0000E+00  1.8110E+02
  0.0000E+00 -3.5000E+01  1.5932E+02  9.6750E-01  0.0000E+00  0.0000E+00
  0.0000E+00  0.0000E+00
  2.5400E+02 -5.2700E+01  2.1174E+02 -7.2059E-04 -1.4421E+00  5.0308E-03
  2.7897E+02  3.3526E+00 -1.1488E+00  8.1552E+01  0.0000E+00  1.8110E+02
  0.0000E+00 -3.5000E+01  1.5904E+02  9.6450E-01  0.0000E+00  0.0000E+00
  0.0000E+00  0.0000E+00

  2.5500E+02 -5.3279E+01  2.0825E+02 -7.2384E-04 -1.4420E+00  5.0357E-03
  2.8034E+02  3.3504E+00 -1.1493E+00  8.1570E+01  0.0000E+00  1.8111E+02
  0.0000E+00 -3.5000E+01  1.5931E+02  9.6750E-01  0.0000E+00  0.0000E+00
  0.0000E+00  0.0000E+00
  2.5600E+02 -5.3776E+01  2.0474E+02 -7.2739E-04 -1.4418E+00  5.0426E-03
  2.8170E+02  3.3482E+00 -1.1498E+00  8.1589E+01  0.0000E+00  1.8111E+02
  0.0000E+00 -3.5000E+01  1.5902E+02  9.6450E-01  0.0000E+00  0.0000E+00
  0.0000E+00  0.0000E+00
  2.5700E+02 -5.4191E+01  2.0123E+02 -7.3099E-04 -1.4418E+00  5.0481E-03
  2.8306E+02  3.3461E+00 -1.1503E+00  8.1607E+01  0.0000E+00  1.8111E+02
  0.0000E+00 -3.5000E+01  1.5930E+02  9.6750E-01  0.0000E+00  0.0000E+00
  0.0000E+00  0.0000E+00
  2.5800E+02 -5.4523E+01  1.9770E+02 -7.3513E-04 -1.4416E+00  5.0553E-03
  2.8442E+02  3.3439E+00 -1.1508E+00  8.1624E+01  0.0000E+00  1.8111E+02
  0.0000E+00 -3.5000E+01  1.5901E+02  9.6450E-01  0.0000E+00  0.0000E+00
  0.0000E+00  0.0000E+00
  2.5900E+02 -5.4772E+01  1.9418E+02 -7.3928E-04 -1.4415E+00  5.0610E-03
  2.8579E+02  3.3417E+00 -1.1513E+00  8.1641E+01  0.0000E+00  1.8111E+02
  0.0000E+00 -3.5000E+01  1.5928E+02  9.6750E-01  0.0000E+00  0.0000E+00
  0.0000E+00  0.0000E+00
##          0         103   20190918  160156
##      1    3789                                       


  2.6000E+02 -5.4938E+01  1.9065E+02 -7.4374E-04 -1.4413E+00  5.0683E-03
  2.8715E+02  3.3396E+00 -1.1518E+00  8.1658E+01  0.0000E+00  1.8112E+02
  0.0000E+00 -3.5000E+01  1.5900E+02  9.6450E-01  0.0000E+00  0.0000E+00
  0.0000E+00  0.0000E+00
  2.6100E+02 -5.5021E+01  1.8712E+02 -7.4811E-04 -1.4412E+00  5.0741E-03
  2.8851E+02  3.3374E+00 -1.1522E+00  8.1674E+01  0.0000E+00  1.8112E+02
  0.0000E+00 -3.5000E+01  1.5927E+02  9.6750E-01  0.0000E+00  0.0000E+00
  0.0000E+00  0.0000E+00
  2.6200E+02 -5.5021E+01  1.8359E+02 -7.5291E-04 -1.4410E+00  5.0817E-03
  2.8988E+02  3.3353E+00 -1.1527E+00  8.1690E+01  0.0000E+00  1.8112E+02
  0.0000E+00 -3.5000E+01  1.5898E+02  9.6450E-01  0.0000E+00  0.0000E+00
  0.0000E+00  0.0000E+00
  2.6300E+02 -5.4938E+01  1.8006E+02 -7.5762E-04 -1.4409E+00  5.0877E-03
  2.9124E+02  3.3332E+00 -1.1531E+00  8.1706E+01  0.0000E+00  1.8112E+02
  0.0000E+00 -3.5000E+01  1.5926E+02  9.6750E-01  0.0000E+00  0.0000E+00
  0.0000E+00  0.0000E+00
  2.6400E+02 -5.4773E+01  1.7654E+02 -7.6252E-04 -1.4407E+00  5.0953E-03
  2.9261E+02  3.3311E+00 -1.1536E+00  8.1721E+01  0.0000E+00  1.8112E+02
  0.0000E+00 -3.5000E+01  1.5897E+02  9.6450E-01  0.0000E+00  0.0000E+00
  0.0000E+00  0.0000E+00

  2.6500E+02 -5.4525E+01  1.7302E+02 -7.6726E-04 -1.4405E+00  5.1013E-03
  2.9397E+02  3.3290E+00 -1.1540E+00  8.1736E+01  0.0000E+00  1.8113E+02
  0.0000E+00 -3.5000E+01  1.5925E+02  9.6750E-01  0.0000E+00  0.0000E+00
  0.0000E+00  0.0000E+00
  2.6600E+02 -5.4194E+01  1.6952E+02 -7.7248E-04 -1.4403E+00  5.1092E-03
  2.9534E+02  3.3269E+00 -1.1545E+00  8.1751E+01  0.0000E+00  1.8113E+02
  0.0000E+00 -3.5000E+01  1.5896E+02  9.6450E-01  0.0000E+00  0.0000E+00
  0.0000E+00  0.0000E+00
  2.6700E+02 -5.3782E+01  1.6602E+02 -7.7768E-04 -1.4401E+00  5.1155E-03
  2.9670E+02  3.3249E+00 -1.1549E+00  8.1765E+01  0.0000E+00  1.8113E+02
  0.0000E+00 -3.5000E+01  1.5923E+02  9.6750E-01  0.0000E+00  0.0000E+00
  0.0000E+00  0.0000E+00
  2.6800E+02 -5.3287E+01  1.6254E+02 -7.8325E-04 -1.4399E+00  5.1236E-03
  2.9807E+02  3.3228E+00 -1.1553E+00  8.1779E+01  0.0000E+00  1.8113E+02
  0.0000E+00 -3.5000E+01  1.5895E+02  9.6450E-01  0.0000E+00  0.0000E+00
  0.0000E+00  0.0000E+00
  2.6900E+02 -5.2711E+01  1.5907E+02 -7.8869E-04 -1.4397E+00  5.1301E-03
  2.9943E+02  3.3208E+00 -1.1558E+00  8.1793E+01  0.0000E+00  1.8113E+02
  0.0000E+00 -3.5000E+01  1.5922E+02  9.6750E-01  0.0000E+00  0.0000E+00
  0.0000E+00  0.0000E+00
##          0         103   20190918  160156
##      1    3789                                       


  2.7000E+02 -5.2054E+01  1.5561E+02 -7.9445E-04 -1.4395E+00  5.1384E-03
  3.0080E+02  3.3187E+00 -1.1562E+00  8.1806E+01  0.0000E+00  1.8113E+02
  0.0000E+00 -3.5000E+01  1.5893E+02  9.6450E-01  0.0000E+00  0.0000E+00
  0.0000E+00  0.0000E+00
  2.7100E+02 -5.1316E+01  1.5218E+02 -7.9998E-04 -1.4393E+00  5.1450E-03
  3.0217E+02  3.3167E+00 -1.1566E+00  8.1820E+01  0.0000E+00  1.8113E+02
  0.0000E+00 -3.5000E+01  1.5921E+02  9.6750E-01  0.0000E+00  0.0000E+00
  0.0000E+00  0.0000E+00
  2.7200E+02 -5.0498E+01  1.4876E+02 -8.0581E-04 -1.4391E+00  5.1532E-03
  3.0353E+02  3.3147E+00 -1.1570E+00  8.1832E+01  0.0000E+00  1.8114E+02
  0.0000E+00 -3.5000E+01  1.5892E+02  9.6450E-01  0.0000E+00  0.0000E+00
  0.0000E+00  0.0000E+00
  2.7300E+02 -4.9600E+01  1.4537E+02 -8.1161E-04 -1.4389E+00  5.1599E-03
  3.0490E+02  3.3128E+00 -1.1574E+00  8.1845E+01  0.0000E+00  1.8114E+02
  0.0000E+00 -3.5000E+01  1.5920E+02  9.6750E-01  0.0000E+00  0.0000E+00
  0.0000E+00  0.0000E+00
  2.7400E+02 -4.8623E+01  1.4200E+02 -8.1779E-04 -1.4386E+00  5.1682E-03
  3.0627E+02  3.3108E+00 -1.1578E+00  8.1857E+01  0.0000E+00  1.8114E+02
  0.0000E+00 -3.5000E+01  1.5891E+02  9.6450E-01  0.0000E+00  0.0000E+00
  0.0000E+00  0.0000E+00

  2.7500E+02 -4.7568E+01  1.3866E+02 -8.2383E-04 -1.4384E+00  5.1749E-03
  3.0763E+02  3.3088E+00 -1.1582E+00  8.1869E+01  0.0000E+00  1.8114E+02
  0.0000E+00 -3.5000E+01  1.5918E+02  9.6750E-01  0.0000E+00  0.0000E+00
  0.0000E+00  0.0000E+00
  2.7600E+02 -4.6434E+01  1.3534E+02 -8.3030E-04 -1.4382E+00  5.1834E-03
  3.0900E+02  3.3069E+00 -1.1586E+00  8.1881E+01  0.0000E+00  1.8114E+02
  0.0000E+00 -3.5000E+01  1.5890E+02  9.6450E-01  0.0000E+00  0.0000E+00
  0.0000E+00  0.0000E+00
  2.7700E+02 -4.5223E+01  1.3206E+02 -8.3671E-04 -1.4379E+00  5.1903E-03
  3.1037E+02  3.3050E+00 -1.1590E+00  8.1892E+01  0.0000E+00  1.8114E+02
  0.0000E+00 -3.5000E+01  1.5917E+02  9.6750E-01  0.0000E+00  0.0000E+00
  0.0000E+00  0.0000E+00
  2.7800E+02 -4.3936E+01  1.2880E+02 -8.4349E-04 -1.4377E+00  5.1989E-03
  3.1174E+02  3.3031E+00 -1.1594E+00  8.1903E+01  0.0000E+00  1.8114E+02
  0.0000E+00 -3.5000E+01  1.5889E+02  9.6450E-01  0.0000E+00  0.0000E+00
  0.0000E+00  0.0000E+00
  2.7900E+02 -4.2572E+01  1.2558E+02 -8.5020E-04 -1.4374E+00  5.2060E-03
  3.1310E+02  3.3012E+00 -1.1598E+00  8.1914E+01  0.0000E+00  1.8114E+02
  0.0000E+00 -3.5000E+01  1.5916E+02  9.6750E-01  0.0000E+00  0.0000E+00
  0.0000E+00  0.0000E+00
##          0         103   20190918  160156
##      1    3789                                       


  2.8000E+02 -4.1134E+01  1.2239E+02 -8.5726E-04 -1.4371E+00  5.2148E-03
  3.1447E+02  3.2993E+00 -1.1601E+00  8.1925E+01  0.0000E+00  1.8115E+02
  0.0000E+00 -3.5000E+01  1.5887E+02  9.6450E-01  0.0000E+00  0.0000E+00
  0.0000E+00  0.0000E+00
  2.8100E+02 -3.9622E+01  1.1924E+02 -8.6402E-04 -1.4369E+00  5.2219E-03
  3.1584E+02  3.2974E+00 -1.1605E+00  8.1935E+01  0.0000E+00  1.8115E+02
  0.0000E+00 -3.5000E+01  1.5915E+02  9.6750E-01  0.0000E+00  0.0000E+00
  0.0000E+00  0.0000E+00
  2.8200E+02 -3.8036E+01  1.1612E+02 -8.7109E-04 -1.4366E+00  5.2307E-03
  3.1721E+02  3.2956E+00 -1.1609E+00  8.1945E+01  0.0000E+00  1.8115E+02
  0.0000E+00 -3.5000E+01  1.5886E+02  9.6450E-01  0.0000E+00  0.0000E+00
  0.0000E+00  0.0000E+00
  2.8300E+02 -3.6378E+01  1.1305E+02 -8.7805E-04 -1.4364E+00  5.2378E-03
  3.1858E+02  3.2937E+00 -1.1612E+00  8.1955E+01  0.0000E+00  1.8115E+02
  0.0000E+00 -3.5000E+01  1.5914E+02  9.6750E-01  0.0000E+00  0.0000E+00
  0.0000E+00  0.0000E+00
  2.8400E+02 -3.4649E+01  1.1001E+02 -8.8555E-04 -1.4361E+00  5.2467E-03
  3.1994E+02  3.2919E+00 -1.1616E+00  8.1965E+01  0.0000E+00  1.8115E+02
  0.0000E+00 -3.5000E+01  1.5885E+02  9.6450E-01  0.0000E+00  0.0000E+00
  0.0000E+00  0.0000E+00

  2.8500E+02 -3.2849E+01  1.0702E+02 -8.9295E-04 -1.4358E+00  5.2540E-03
  3.2131E+02  3.2901E+00 -1.1619E+00  8.1975E+01  0.0000E+00  1.8115E+02
  0.0000E+00 -3.5000E+01  1.5913E+02  9.6750E-01  0.0000E+00  0.0000E+00
  0.0000E+00  0.0000E+00
  2.8600E+02 -3.0980E+01  1.0408E+02 -9.0060E-04 -1.4355E+00  5.2629E-03
  3.2268E+02  3.2883E+00 -1.1623E+00  8.1984E+01  0.0000E+00  1.8115E+02
  0.0000E+00 -3.5000E+01  1.5884E+02  9.6450E-01  0.0000E+00  0.0000E+00
  0.0000E+00  0.0000E+00
  2.8700E+02 -2.9043E+01  1.0118E+02 -9.0799E-04 -1.4353E+00  5.2702E-03
  3.2405E+02  3.2865E+00 -1.1626E+00  8.1993E+01  0.0000E+00  1.8115E+02
  0.0000E+00 -3.5000E+01  1.5912E+02  9.6750E-01  0.0000E+00  0.0000E+00
  0.0000E+00  0.0000E+00
  2.8800E+02 -2.7039E+01  9.8327E+01 -9.1567E-04 -1.4350E+00  5.2791E-03
  3.2542E+02  3.2848E+00 -1.1629E+00  8.2002E+01  0.0000E+00  1.8115E+02
  0.0000E+00 -3.5000E+01  1.5883E+02  9.6450E-01  0.0000E+00  0.0000E+00
  0.0000E+00  0.0000E+00
  2.8900E+02 -2.4969E+01  9.5525E+01 -9.2305E-04 -1.4347E+00  5.2863E-03
  3.2679E+02  3.2830E+00 -1.1633E+00  8.2010E+01  0.0000E+00  1.8115E+02
  0.0000E+00 -3.5000E+01  1.5910E+02  9.6750E-01  0.0000E+00  0.0000E+00
  0.0000E+00  0.0000E+00
##          0         103   20190918  160156
##      1    3789                                       


  2.9000E+02 -2.2834E+01  9.2774E+01 -9.3071E-04 -1.4344E+00  5.2952E-03
  3.2816E+02  3.2813E+00 -1.1636E+00  8.2019E+01  0.0000E+00  1.8115E+02
  0.0000E+00 -3.5000E+01  1.5882E+02  9.6450E-01  0.0000E+00  0.0000E+00
  0.0000E+00  0.0000E+00
  2.9100E+02 -2.0636E+01  9.0076E+01 -9.3841E-04 -1.4341E+00  5.3026E-03
  3.2953E+02  3.2796E+00 -1.1639E+00  8.2027E+01  0.0000E+00  1.8115E+02
  0.0000E+00 -3.5000E+01  1.5909E+02  9.6750E-01  0.0000E+00  0.0000E+00
  0.0000E+00  0.0000E+00
  2.9200E+02 -1.8375E+01  8.7431E+01 -9.4670E-04 -1.4338E+00  5.3117E-03
  3.3090E+02  3.2779E+00 -1.1642E+00  8.2035E+01  0.0000E+00  1.8116E+02
  0.0000E+00 -3.5000E+01  1.5881E+02  9.6450E-01  0.0000E+00  0.0000E+00
  0.0000E+00  0.0000E+00
  2.9300E+02 -1.6054E+01  8.4842E+01 -9.5482E-04 -1.4336E+00  5.3191E-03
  3.3227E+02  3.2762E+00 -1.1646E+00  8.2043E+01  0.0000E+00  1.8116E+02
  0.0000E+00 -3.5000E+01  1.5908E+02  9.6750E-01  0.0000E+00  0.0000E+00
  0.0000E+00  0.0000E+00
  2.9400E+02 -1.3672E+01  8.2310E+01 -9.6331E-04 -1.4333E+00  5.3281E-03
  3.3364E+02  3.2745E+00 -1.1649E+00  8.2051E+01  0.0000E+00  1.8116E+02
  0.0000E+00 -3.5000E+01  1.5880E+02  9.6450E-01  0.0000E+00  0.0000E+00
  0.0000E+00  0.0000E+00

  2.9500E+02 -1.1233E+01  7.9835E+01 -9.7149E-04 -1.4330E+00  5.3355E-03
  3.3501E+02  3.2729E+00 -1.1652E+00  8.2058E+01  0.0000E+00  1.8116E+02
  0.0000E+00 -3.5000E+01  1.5907E+02  9.6750E-01  0.0000E+00  0.0000E+00
  0.0000E+00  0.0000E+00
  2.9600E+02 -8.7368E+00  7.7420E+01 -9.7980E-04 -1.4327E+00  5.3446E-03
  3.3638E+02  3.2712E+00 -1.1655E+00  8.2066E+01  0.0000E+00  1.8116E+02
  0.0000E+00 -3.5000E+01  1.5879E+02  9.6450E-01  0.0000E+00  0.0000E+00
  0.0000E+00  0.0000E+00
  2.9700E+02 -6.1852E+00  7.5066E+01 -9.8788E-04 -1.4324E+00  5.3520E-03
  3.3775E+02  3.2696E+00 -1.1658E+00  8.2073E+01  0.0000E+00  1.8116E+02
  0.0000E+00 -3.5000E+01  1.5906E+02  9.6750E-01  0.0000E+00  0.0000E+00
  0.0000E+00  0.0000E+00
  2.9800E+02 -3.5796E+00  7.2774E+01 -9.9628E-04 -1.4321E+00  5.3610E-03
  3.3912E+02  3.2680E+00 -1.1661E+00  8.2080E+01  0.0000E+00  1.8116E+02
  0.0000E+00 -3.5000E+01  1.5878E+02  9.6450E-01  0.0000E+00  0.0000E+00
  0.0000E+00  0.0000E+00
  2.9900E+02 -9.2148E-01  7.0545E+01 -1.0045E-03 -1.4318E+00  5.3684E-03
  3.4049E+02  3.2664E+00 -1.1664E+00  8.2087E+01  0.0000E+00  1.8116E+02
  0.0000E+00 -3.5000E+01  1.5905E+02  9.6750E-01  0.0000E+00  0.0000E+00
  0.0000E+00  0.0000E+00
##          0         103   20190918  160156
##      1    3789                                       


  3.0000E+02  1.7876E+00  6.8380E+01 -1.0131E-03 -1.4315E+00  5.3774E-03
  3.4186E+02  3.2648E+00 -1.1666E+00  8.2093E+01  0.0000E+00  1.8116E+02
  0.0000E+00 -3.5000E+01  1.5877E+02  9.6450E-01  0.0000E+00  0.0000E+00
  0.0000E+00  0.0000E+00
  3.0100E+02  4.5461E+00  6.6281E+01 -1.0218E-03 -1.4312E+00  5.3849E-03
  3.4323E+02  3.2633E+00 -1.1669E+00  8.2100E+01  0.0000E+00  1.8116E+02
  0.0000E+00 -3.5000E+01  1.5904E+02  9.6750E-01  0.0000E+00  0.0000E+00
  0.0000E+00  0.0000E+00
  3.0200E+02  7.3524E+00  6.4249E+01 -1.0307E-03 -1.4309E+00  5.3939E-03
  3.4460E+02  3.2617E+00 -1.1672E+00  8.2106E+01  0.0000E+00  1.8116E+02
  0.0000E+00 -3.5000E+01  1.5876E+02  9.6450E-01  0.0000E+00  0.0000E+00
  0.0000E+00  0.0000E+00
  3.0300E+02  1.0205E+01  6.2285E+01 -1.0392E-03 -1.4306E+00  5.4012E-03
  3.4598E+02  3.2602E+00 -1.1675E+00  8.2112E+01  0.0000E+00  1.8116E+02
  0.0000E+00 -3.5000E+01  1.5903E+02  9.6750E-01  0.0000E+00  0.0000E+00
  0.0000E+00  0.0000E+00
  3.0400E+02  1.3102E+01  6.0390E+01 -1.0479E-03 -1.4303E+00  5.4102E-03
  3.4735E+02  3.2587E+00 -1.1678E+00  8.2119E+01  0.0000E+00  1.8116E+02
  0.0000E+00 -3.5000E+01  1.5875E+02  9.6450E-01  0.0000E+00  0.0000E+00
  0.0000E+00  0.0000E+00

  3.0500E+02  1.6043E+01  5.8564E+01 -1.0564E-03 -1.4300E+00  5.4175E-03
  3.4872E+02  3.2572E+00 -1.1680E+00  8.2124E+01  0.0000E+00  1.8116E+02
  0.0000E+00 -3.5000E+01  1.5903E+02  9.6750E-01  0.0000E+00  0.0000E+00
  0.0000E+00  0.0000E+00
  3.0600E+02  1.9024E+01  5.6810E+01 -1.0653E-03 -1.4297E+00  5.4265E-03
  3.5009E+02  3.2557E+00 -1.1683E+00  8.2130E+01  0.0000E+00  1.8116E+02
  0.0000E+00 -3.5000E+01  1.5874E+02  9.6450E-01  0.0000E+00  0.0000E+00
  0.0000E+00  0.0000E+00
  3.0700E+02  2.2045E+01  5.5127E+01 -1.0742E-03 -1.4294E+00  5.4339E-03
  3.5146E+02  3.2542E+00 -1.1685E+00  8.2136E+01  0.0000E+00  1.8116E+02
  0.0000E+00 -3.5000E+01  1.5902E+02  9.6750E-01  0.0000E+00  0.0000E+00
  0.0000E+00  0.0000E+00
  3.0800E+02  2.5104E+01  5.3517E+01 -1.0834E-03 -1.4290E+00  5.4429E-03
  3.5283E+02  3.2527E+00 -1.1688E+00  8.2141E+01  0.0000E+00  1.8116E+02
  0.0000E+00 -3.5000E+01  1.5873E+02  9.6450E-01  0.0000E+00  0.0000E+00
  0.0000E+00  0.0000E+00
  3.0900E+02  2.8200E+01  5.1981E+01 -1.0923E-03 -1.4288E+00  5.4501E-03
  3.5420E+02  3.2513E+00 -1.1691E+00  8.2147E+01  0.0000E+00  1.8116E+02
  0.0000E+00 -3.5000E+01  1.5901E+02  9.6750E-01  0.0000E+00  0.0000E+00
  0.0000E+00  0.0000E+00
##          0         103   20190918  160156
##      1    3789                                       


  3.1000E+02  3.1329E+01  5.0519E+01 -1.1013E-03 -1.4284E+00  5.4590E-03
  3.5558E+02  3.2499E+00 -1.1693E+00  8.2152E+01  0.0000E+00  1.8116E+02
  0.0000E+00 -3.5000E+01  1.5872E+02  9.6450E-01  0.0000E+00  0.0000E+00
  0.0000E+00  0.0000E+00
  3.1100E+02  3.4492E+01  4.9133E+01 -1.1100E-03 -1.4282E+00  5.4662E-03
  3.5695E+02  3.2485E+00 -1.1696E+00  8.2157E+01  0.0000E+00  1.8116E+02
  0.0000E+00 -3.5000E+01  1.5900E+02  9.6750E-01  0.0000E+00  0.0000E+00
  0.0000E+00  0.0000E+00
  3.1200E+02  3.7685E+01  4.7822E+01 -1.1189E-03 -1.4278E+00  5.4750E-03
  3.5832E+02  3.2471E+00 -1.1698E+00  8.2162E+01  0.0000E+00  1.8116E+02
  0.0000E+00 -3.5000E+01  1.5871E+02  9.6450E-01  0.0000E+00  0.0000E+00
  0.0000E+00  0.0000E+00
  3.1300E+02  4.0908E+01  4.6588E+01 -1.1277E-03 -1.4276E+00  5.4823E-03
  3.5969E+02  3.2457E+00 -1.1700E+00  8.2167E+01  0.0000E+00  1.8116E+02
  0.0000E+00 -3.5000E+01  1.5899E+02  9.6750E-01  0.0000E+00  0.0000E+00
  0.0000E+00  0.0000E+00
