##          0         113   20190918  160205
##      1    3789                                       


  0.0000E+00  0.0000E+00  0.0000E+00  0.0000E+00  0.0000E+00  0.0000E+00
  9.0000E+01  1.1111E+01  0.0000E+00  0.0000E+00  0.0000E+00  2.5000E+02
  0.0000E+00  0.0000E+00  1.6400E+02  1.2000E+00  0.0000E+00  0.0000E+00
  0.0000E+00  0.0000E+00
  1.0000E+00 -5.9900E-03  1.1101E+01  9.9516E-03 -4.5634E-02 -3.7450E-03
  8.9995E+01  1.1102E+01  1.6350E-02 -8.0442E-01  0.0000E+00  2.2000E+02
  0.0000E+00  5.5198E+00  1.6400E+02  1.2000E+00  0.0000E+00  0.0000E+00
  0.0000E+00  0.0000E+00
  2.0000E+00 -3.4583E-02  2.2200E+01  9.6933E-03 -2.3306E-01 -4.0447E-03
  8.9969E+01  1.1093E+01  4.8031E-02 -2.4639E+00  0.0000E+00  2.1009E+02
  0.0000E+00  9.4984E+00  1.6400E+02  1.2000E+00  0.0000E+00  0.0000E+00
  0.0000E+00  0.0000E+00
  3.0000E+00 -9.0440E-02  3.3287E+01  9.4797E-03 -5.1668E-01 -4.9591E-03
  8.9910E+01  1.1081E+01  8.3506E-02 -4.5647E+00  0.0000E+00  2.0935E+02
  0.0000E+00  9.9770E+00  1.6400E+02  1.2000E+00  0.0000E+00  0.0000E+00
  0.0000E+00  0.0000E+00
  4.0000E+00 -1.6658E-01  4.4363E+01  9.3784E-03 -7.6016E-01 -6.1480E-03
  8.9816E+01  1.1069E+01  1.1656E-01 -6.7834E+00  0.0000E+00  2.0935E+02
  0.0000E+00  9.9990E+00  1.6400E+02  1.2000E+00  0.0000E+00  0.0000E+00
  0.0000E+00  0.0000E+00

  5.0000E+00 -2.5359E-01  5.5427E+01  9.5179E-03 -8.5631E-01 -6.9381E-03
  8.9684E+01  1.1057E+01  1.4770E-01 -9.0574E+00  0.0000E+00  2.0923E+02
  0.0000E+00  1.0000E+01  1.6400E+02  1.2000E+00  0.0000E+00  0.0000E+00
  0.0000E+00  0.0000E+00
  6.0000E+00 -3.4294E-01  6.6479E+01  9.9662E-03 -7.6830E-01 -6.7754E-03
  8.9513E+01  1.1045E+01  1.7826E-01 -1.1367E+01  0.0000E+00  2.0922E+02
  0.0000E+00  1.0000E+01  1.6400E+02  1.2000E+00  0.0000E+00  0.0000E+00
  0.0000E+00  0.0000E+00
  7.0000E+00 -4.2725E-01  7.7520E+01  1.0589E-02 -5.2179E-01 -5.5296E-03
  8.9304E+01  1.1033E+01  2.0910E-01 -1.3707E+01  0.0000E+00  2.0921E+02
  0.0000E+00  1.0000E+01  1.6400E+02  1.2000E+00  0.0000E+00  0.0000E+00
  0.0000E+00  0.0000E+00
  8.0000E+00 -4.9912E-01  8.8549E+01  1.1124E-02 -1.7652E-01 -3.6009E-03
  8.9055E+01  1.1021E+01  2.3972E-01 -1.6072E+01  0.0000E+00  2.0922E+02
  0.0000E+00  1.0000E+01  1.6400E+02  1.2000E+00  0.0000E+00  0.0000E+00
  0.0000E+00  0.0000E+00
  9.0000E+00 -5.5083E-01  9.9566E+01  1.1367E-02  1.9976E-01 -1.7466E-03
  8.8767E+01  1.1008E+01  2.7013E-01 -1.8454E+01  0.0000E+00  2.0922E+02
  0.0000E+00  1.0000E+01  1.6400E+02  1.2000E+00  0.0000E+00  0.0000E+00
  0.0000E+00  0.0000E+00
##          0         113   20190918  160205
##      1    3789                                       


  1.0000E+01 -5.7464E-01  1.1057E+02  1.1311E-02  5.5005E-01 -7.2218E-04
  8.8439E+01  1.0994E+01  3.0018E-01 -2.0844E+01  0.0000E+00  2.0923E+02
  0.0000E+00  1.0000E+01  1.6400E+02  1.2000E+00  0.0000E+00  0.0000E+00
  0.0000E+00  0.0000E+00
  1.1000E+01 -5.6249E-01  1.2156E+02  1.1132E-02  8.4111E-01 -9.2605E-04
  8.8071E+01  1.0981E+01  3.2948E-01 -2.3229E+01  0.0000E+00  2.0924E+02
  0.0000E+00  1.0000E+01  1.6400E+02  1.2000E+00  0.0000E+00  0.0000E+00
  0.0000E+00  0.0000E+00
  1.2000E+01 -5.0599E-01  1.3254E+02  1.1070E-02  1.0657E+00 -2.2330E-03
  8.7664E+01  1.0967E+01  3.5770E-01 -2.5599E+01  0.0000E+00  2.0925E+02
  0.0000E+00  1.0000E+01  1.6400E+02  1.2000E+00  0.0000E+00  0.0000E+00
  0.0000E+00  0.0000E+00
  1.3000E+01 -3.9653E-01  1.4351E+02  1.1280E-02  1.2367E+00 -4.0858E-03
  8.7216E+01  1.0954E+01  3.8463E-01 -2.7943E+01  0.0000E+00  2.0925E+02
  0.0000E+00  1.0000E+01  1.6400E+02  1.2000E+00  0.0000E+00  0.0000E+00
  0.0000E+00  0.0000E+00
  1.4000E+01 -2.2516E-01  1.5446E+02  1.1754E-02  1.3785E+00 -5.7848E-03
  8.6730E+01  1.0940E+01  4.0935E-01 -3.0295E+01  0.0000E+00  2.0925E+02
  0.0000E+00  1.0000E+01  1.6400E+02  1.2000E+00  0.0000E+00  0.0000E+00
  0.0000E+00  0.0000E+00

  1.5000E+01  1.7842E-02  1.6540E+02  1.2354E-02  1.5187E+00 -6.7987E-03
  8.6204E+01  1.0925E+01  4.3172E-01 -3.2667E+01  0.0000E+00  2.0924E+02
  0.0000E+00  1.0000E+01  1.6400E+02  1.2000E+00  0.0000E+00  0.0000E+00
  0.0000E+00  0.0000E+00
  1.6000E+01  3.4175E-01  1.7632E+02  1.2893E-02  1.6757E+00 -6.9224E-03
  8.5639E+01  1.0911E+01  4.5236E-01 -3.5038E+01  0.0000E+00  2.0922E+02
  0.0000E+00  1.0000E+01  1.6400E+02  1.2000E+00  0.0000E+00  0.0000E+00
  0.0000E+00  0.0000E+00
  1.7000E+01  7.5522E-01  1.8723E+02  1.3227E-02  1.8556E+00 -6.3241E-03
  8.5034E+01  1.0895E+01  4.7181E-01 -3.7395E+01  0.0000E+00  2.0919E+02
  0.0000E+00  1.0000E+01  1.6400E+02  1.2000E+00  0.0000E+00  0.0000E+00
  0.0000E+00  0.0000E+00
  1.8000E+01  1.2663E+00  1.9811E+02  1.3313E-02  2.0542E+00 -5.4345E-03
  8.4390E+01  1.0878E+01  4.9045E-01 -3.9731E+01  0.0000E+00  2.0916E+02
  0.0000E+00  1.0000E+01  1.6400E+02  1.2000E+00  0.0000E+00  0.0000E+00
  0.0000E+00  0.0000E+00
  1.9000E+01  1.8827E+00  2.0897E+02  1.3226E-02  2.2617E+00 -4.7375E-03
  8.3707E+01  1.0861E+01  5.0850E-01 -4.2040E+01  0.0000E+00  2.0912E+02
  0.0000E+00  1.0000E+01  1.6400E+02  1.2000E+00  0.0000E+00  0.0000E+00
  0.0000E+00  0.0000E+00
##          0         113   20190918  160205
##      1    3789                                       


  2.0000E+01  2.6116E+00  2.1981E+02  1.3112E-02  2.4668E+00 -4.5701E-03
  8.2985E+01  1.0843E+01  5.2606E-01 -4.4320E+01  0.0000E+00  2.0907E+02
  0.0000E+00  1.0000E+01  1.6400E+02  1.2000E+00  0.0000E+00  0.0000E+00
  0.0000E+00  0.0000E+00
  2.1000E+01  3.4602E+00  2.3063E+02  1.3108E-02  2.6609E+00 -5.0153E-03
  8.2226E+01  1.0824E+01  5.4313E-01 -4.6568E+01  0.0000E+00  2.0902E+02
  0.0000E+00  1.0000E+01  1.6400E+02  1.2000E+00  0.0000E+00  0.0000E+00
  0.0000E+00  0.0000E+00
  2.2000E+01  4.4355E+00  2.4141E+02  1.3277E-02  2.8398E+00 -5.9179E-03
  8.1429E+01  1.0805E+01  5.5970E-01 -4.8779E+01  0.0000E+00  2.0896E+02
  0.0000E+00  1.0000E+01  1.6400E+02  1.2000E+00  0.0000E+00  0.0000E+00
  0.0000E+00  0.0000E+00
  2.3000E+01  5.5443E+00  2.5217E+02  1.3586E-02  3.0036E+00 -6.9924E-03
  8.0595E+01  1.0785E+01  5.7572E-01 -5.0951E+01  0.0000E+00  2.0890E+02
  0.0000E+00  1.0000E+01  1.6400E+02  1.2000E+00  0.0000E+00  0.0000E+00
  0.0000E+00  0.0000E+00
  2.4000E+01  6.7930E+00  2.6288E+02  1.3938E-02  3.1552E+00 -7.9582E-03
  7.9726E+01  1.0764E+01  5.9121E-01 -5.3081E+01  0.0000E+00  2.0883E+02
  0.0000E+00  1.0000E+01  1.6400E+02  1.2000E+00  0.0000E+00  0.0000E+00
  0.0000E+00  0.0000E+00

  2.5000E+01  8.1926E+00  2.7356E+02  1.4001E-02  3.3356E+00 -8.3930E-03
  7.8824E+01  1.0746E+01  5.9207E-01 -5.4498E+01  0.0000E+00  2.0906E+02
  0.0000E+00  5.4000E+00  1.6400E+02  1.2000E+00  0.0000E+00  0.0000E+00
  0.0000E+00  0.0000E+00
  2.6000E+01  9.7685E+00  2.8420E+02  1.3315E-02  3.6788E+00 -7.1325E-03
  7.7910E+01  1.0728E+01  5.7119E-01 -5.4601E+01  0.0000E+00  2.0860E+02
  0.0000E+00  8.0003E-01  1.6400E+02  1.2000E+00  0.0000E+00  0.0000E+00
  0.0000E+00  0.0000E+00
  2.7000E+01  1.1535E+01  2.9479E+02  1.2365E-02  4.1781E+00 -3.3606E-03
  7.7003E+01  1.0708E+01  5.4018E-01 -5.3667E+01  0.0000E+00  2.0665E+02
  0.0000E+00 -3.8000E+00  1.6400E+02  1.2000E+00  0.0000E+00  0.0000E+00
  0.0000E+00  0.0000E+00
  2.8000E+01  1.3496E+01  3.0531E+02  1.1100E-02  4.7150E+00  1.8947E-03
  7.6119E+01  1.0685E+01  5.0379E-01 -5.1877E+01  0.0000E+00  2.0560E+02
  0.0000E+00 -8.4000E+00  1.6400E+02  1.2000E+00  0.0000E+00  0.0000E+00
  0.0000E+00  0.0000E+00
  2.9000E+01  1.5646E+01  3.1578E+02  8.9232E-03  5.1503E+00  6.0098E-03
  7.5269E+01  1.0660E+01  4.6668E-01 -4.9511E+01  0.0000E+00  2.0513E+02
  0.0000E+00 -9.9266E+00  1.6400E+02  1.2000E+00  0.0000E+00  0.0000E+00
  0.0000E+00  0.0000E+00
##          0         113   20190918  160205
##      1    3789                                       


  3.0000E+01  1.7976E+01  3.2618E+02  5.8719E-03  5.3481E+00  6.3165E-03
  7.4460E+01  1.0638E+01  4.3518E-01 -4.7001E+01  0.0000E+00  2.0502E+02
  0.0000E+00 -9.9967E+00  1.6400E+02  1.2000E+00  0.0000E+00  0.0000E+00
  0.0000E+00  0.0000E+00
  3.1000E+01  2.0472E+01  3.3652E+02  2.7913E-03  5.2509E+00  1.6947E-03
  7.3693E+01  1.0620E+01  4.0746E-01 -4.4442E+01  0.0000E+00  2.0509E+02
  0.0000E+00 -9.9999E+00  1.6400E+02  1.2000E+00  0.0000E+00  0.0000E+00
  0.0000E+00  0.0000E+00
  3.2000E+01  2.3124E+01  3.4680E+02  9.4118E-04  4.9040E+00 -6.3918E-03
  7.2969E+01  1.0607E+01  3.8108E-01 -4.1843E+01  0.0000E+00  2.0528E+02
  0.0000E+00 -1.0000E+01  1.6400E+02  1.2000E+00  0.0000E+00  0.0000E+00
  0.0000E+00  0.0000E+00
  3.3000E+01  2.5926E+01  3.5703E+02  1.2514E-03  4.4151E+00 -1.4463E-02
  7.2290E+01  1.0597E+01  3.5425E-01 -3.9207E+01  0.0000E+00  2.0557E+02
  0.0000E+00 -1.0000E+01  1.6400E+02  1.2000E+00  0.0000E+00  0.0000E+00
  0.0000E+00  0.0000E+00
  3.4000E+01  2.8869E+01  3.6722E+02  3.5982E-03  3.9074E+00 -1.8976E-02
  7.1655E+01  1.0591E+01  3.2542E-01 -3.6578E+01  0.0000E+00  2.0592E+02
  0.0000E+00 -1.0000E+01  1.6400E+02  1.2000E+00  0.0000E+00  0.0000E+00
  0.0000E+00  0.0000E+00

  3.5000E+01  3.1949E+01  3.7735E+02  6.7185E-03  3.4778E+00 -1.8127E-02
  7.1065E+01  1.0586E+01  2.9513E-01 -3.3950E+01  0.0000E+00  2.0631E+02
  0.0000E+00 -1.0000E+01  1.6400E+02  1.2000E+00  0.0000E+00  0.0000E+00
  0.0000E+00  0.0000E+00
  3.6000E+01  3.5157E+01  3.8744E+02  8.8754E-03  3.1722E+00 -1.2614E-02
  7.0520E+01  1.0581E+01  2.6456E-01 -3.1325E+01  0.0000E+00  2.0671E+02
  0.0000E+00 -1.0000E+01  1.6400E+02  1.2000E+00  0.0000E+00  0.0000E+00
  0.0000E+00  0.0000E+00
  3.7000E+01  3.8486E+01  3.9749E+02  8.8971E-03  2.9854E+00 -5.1092E-03
  7.0018E+01  1.0578E+01  2.3480E-01 -2.8709E+01  0.0000E+00  2.0711E+02
  0.0000E+00 -1.0000E+01  1.6400E+02  1.2000E+00  0.0000E+00  0.0000E+00
  0.0000E+00  0.0000E+00
  3.8000E+01  4.1925E+01  4.0749E+02  6.8945E-03  2.8779E+00  1.2424E-03
  6.9560E+01  1.0575E+01  2.0655E-01 -2.6114E+01  0.0000E+00  2.0729E+02
  0.0000E+00 -1.0000E+01  1.6400E+02  1.2000E+00  0.0000E+00  0.0000E+00
  0.0000E+00  0.0000E+00
  3.9000E+01  4.5465E+01  4.1745E+02  4.1600E-03  2.7982E+00  4.3337E-03
  6.9145E+01  1.0572E+01  1.7995E-01 -2.3550E+01  0.0000E+00  2.0733E+02
  0.0000E+00 -1.0000E+01  1.6400E+02  1.2000E+00  0.0000E+00  0.0000E+00
  0.0000E+00  0.0000E+00
##          0         113   20190918  160205
##      1    3789                                       


  4.0000E+01  4.9099E+01  4.2738E+02  2.3029E-03  2.7040E+00  3.9228E-03
  6.8773E+01  1.0571E+01  1.5395E-01 -2.1019E+01  0.0000E+00  2.0738E+02
  0.0000E+00 -1.0000E+01  1.6400E+02  1.2000E+00  0.0000E+00  0.0000E+00
  0.0000E+00  0.0000E+00
  4.1000E+01  5.2818E+01  4.3728E+02  2.2613E-03  2.5735E+00  1.3873E-03
  6.8443E+01  1.0571E+01  1.2775E-01 -1.8514E+01  0.0000E+00  2.0743E+02
  0.0000E+00 -1.0000E+01  1.6400E+02  1.2000E+00  0.0000E+00  0.0000E+00
  0.0000E+00  0.0000E+00
  4.2000E+01  5.6617E+01  4.4715E+02  3.8439E-03  2.4034E+00 -1.3020E-03
  6.8154E+01  1.0572E+01  1.0103E-01 -1.6025E+01  0.0000E+00  2.0749E+02
  0.0000E+00 -1.0000E+01  1.6400E+02  1.2000E+00  0.0000E+00  0.0000E+00
  0.0000E+00  0.0000E+00
  4.3000E+01  6.0488E+01  4.5699E+02  5.9915E-03  2.2033E+00 -2.6895E-03
  6.7907E+01  1.0575E+01  7.3595E-02 -1.3541E+01  0.0000E+00  2.0756E+02
  0.0000E+00 -1.0000E+01  1.6400E+02  1.2000E+00  0.0000E+00  0.0000E+00
  0.0000E+00  0.0000E+00
  4.4000E+01  6.4425E+01  4.6680E+02  7.5179E-03  1.9884E+00 -2.4068E-03
  6.7701E+01  1.0577E+01  4.5426E-02 -1.1052E+01  0.0000E+00  2.0763E+02
  0.0000E+00 -1.0000E+01  1.6400E+02  1.2000E+00  0.0000E+00  0.0000E+00
  0.0000E+00  0.0000E+00

  4.5000E+01  6.8422E+01  4.7660E+02  7.8061E-03  1.7732E+00 -1.0396E-03
  6.7538E+01  1.0580E+01  1.6628E-02 -8.5535E+00  0.0000E+00  2.0771E+02
  0.0000E+00 -1.0000E+01  1.6400E+02  1.2000E+00  0.0000E+00  0.0000E+00
  0.0000E+00  0.0000E+00
  4.6000E+01  7.2472E+01  4.8637E+02  7.0506E-03  1.5673E+00  4.6039E-04
  6.7416E+01  1.0583E+01 -1.2651E-02 -6.0421E+00  0.0000E+00  2.0778E+02
  0.0000E+00 -1.0000E+01  1.6400E+02  1.2000E+00  0.0000E+00  0.0000E+00
  0.0000E+00  0.0000E+00
  4.7000E+01  7.6568E+01  4.9613E+02  5.9865E-03  1.3738E+00  1.3823E-03
  6.7336E+01  1.0586E+01 -4.2289E-02 -3.5168E+00  0.0000E+00  2.0785E+02
  0.0000E+00 -1.0000E+01  1.6400E+02  1.2000E+00  0.0000E+00  0.0000E+00
  0.0000E+00  0.0000E+00
  4.8000E+01  8.0703E+01  5.0588E+02  5.3622E-03  1.1909E+00  1.5532E-03
  6.7298E+01  1.0588E+01 -7.2209E-02 -9.7815E-01  0.0000E+00  2.0793E+02
  0.0000E+00 -1.0000E+01  1.6400E+02  1.2000E+00  0.0000E+00  0.0000E+00
  0.0000E+00  0.0000E+00
  4.9000E+01  8.4871E+01  5.1561E+02  5.5158E-03  1.0138E+00  1.2526E-03
  6.7303E+01  1.0591E+01 -1.0237E-01  1.5725E+00  0.0000E+00  2.0801E+02
  0.0000E+00 -1.0000E+01  1.6400E+02  1.2000E+00  0.0000E+00  0.0000E+00
  0.0000E+00  0.0000E+00
##          0         113   20190918  160205
##      1    3789                                       


  5.0000E+01  8.9064E+01  5.2534E+02  6.2799E-03  8.3685E-01  9.0472E-04
  6.7351E+01  1.0594E+01 -1.3275E-01  4.1332E+00  0.0000E+00  2.0808E+02
  0.0000E+00 -1.0000E+01  1.6400E+02  1.2000E+00  0.0000E+00  0.0000E+00
  0.0000E+00  0.0000E+00
  5.1000E+01  9.3276E+01  5.3506E+02  7.1979E-03  6.5553E-01  7.8705E-04
  6.7441E+01  1.0597E+01 -1.6332E-01  6.7015E+00  0.0000E+00  2.0816E+02
  0.0000E+00 -1.0000E+01  1.6400E+02  1.2000E+00  0.0000E+00  0.0000E+00
  0.0000E+00  0.0000E+00
  5.2000E+01  9.7498E+01  5.4479E+02  7.8556E-03  4.6735E-01  9.1731E-04
  6.7575E+01  1.0599E+01 -1.9399E-01  9.2745E+00  0.0000E+00  2.0823E+02
  0.0000E+00 -1.0000E+01  1.6400E+02  1.2000E+00  0.0000E+00  0.0000E+00
  0.0000E+00  0.0000E+00
  5.3000E+01  1.0172E+02  5.5451E+02  8.1095E-03  2.7007E-01  1.1314E-03
  6.7751E+01  1.0601E+01 -2.2377E-01  1.1846E+01  0.0000E+00  2.0831E+02
  0.0000E+00 -1.0000E+01  1.6400E+02  1.2000E+00  0.0000E+00  0.0000E+00
  0.0000E+00  0.0000E+00
  5.4000E+01  1.0594E+02  5.6424E+02  8.1028E-03  6.1743E-02  1.2492E-03
  6.7970E+01  1.0602E+01 -2.5249E-01  1.4406E+01  0.0000E+00  2.0837E+02
  0.0000E+00 -1.0000E+01  1.6400E+02  1.2000E+00  0.0000E+00  0.0000E+00
  0.0000E+00  0.0000E+00

  5.5000E+01  1.1015E+02  5.7397E+02  8.1029E-03 -1.5512E-01  1.1926E-03
  6.8232E+01  1.0603E+01 -2.8035E-01  1.6946E+01  0.0000E+00  2.0844E+02
  0.0000E+00 -1.0000E+01  1.6400E+02  1.2000E+00  0.0000E+00  0.0000E+00
  0.0000E+00  0.0000E+00
  5.6000E+01  1.1434E+02  5.8372E+02  8.3035E-03 -3.7519E-01  9.9511E-04
  6.8536E+01  1.0602E+01 -3.0747E-01  1.9459E+01  0.0000E+00  2.0849E+02
  0.0000E+00 -1.0000E+01  1.6400E+02  1.2000E+00  0.0000E+00  0.0000E+00
  0.0000E+00  0.0000E+00
  5.7000E+01  1.1849E+02  5.9348E+02  8.7211E-03 -5.9261E-01  7.3614E-04
  6.8882E+01  1.0602E+01 -3.3395E-01  2.1940E+01  0.0000E+00  2.0855E+02
  0.0000E+00 -1.0000E+01  1.6400E+02  1.2000E+00  0.0000E+00  0.0000E+00
  0.0000E+00  0.0000E+00
  5.8000E+01  1.2261E+02  6.0325E+02  9.2293E-03 -8.0283E-01  4.6502E-04
  6.9268E+01  1.0600E+01 -3.5982E-01  2.4384E+01  0.0000E+00  2.0859E+02
  0.0000E+00 -1.0000E+01  1.6400E+02  1.2000E+00  0.0000E+00  0.0000E+00
  0.0000E+00  0.0000E+00
  5.9000E+01  1.2668E+02  6.1305E+02  9.6731E-03 -1.0037E+00  1.7206E-04
  6.9696E+01  1.0597E+01 -3.8480E-01  2.6800E+01  0.0000E+00  2.0864E+02
  0.0000E+00 -1.0000E+01  1.6400E+02  1.2000E+00  0.0000E+00  0.0000E+00
  0.0000E+00  0.0000E+00
##          0         113   20190918  160205
##      1    3789                                       


  6.0000E+01  1.3070E+02  6.2286E+02  9.9778E-03 -1.1981E+00 -1.9489E-04
  7.0164E+01  1.0594E+01 -4.0797E-01  2.9235E+01  0.0000E+00  2.0867E+02
  0.0000E+00 -1.0000E+01  1.6400E+02  1.2000E+00  0.0000E+00  0.0000E+00
  0.0000E+00  0.0000E+00
  6.1000E+01  1.3465E+02  6.3269E+02  1.0187E-02 -1.3902E+00 -6.5352E-04
  7.0672E+01  1.0589E+01 -4.2961E-01  3.1676E+01  0.0000E+00  2.0870E+02
  0.0000E+00 -1.0000E+01  1.6400E+02  1.2000E+00  0.0000E+00  0.0000E+00
  0.0000E+00  0.0000E+00
  6.2000E+01  1.3853E+02  6.4255E+02  1.0402E-02 -1.5821E+00 -1.1574E-03
  7.1221E+01  1.0584E+01 -4.5006E-01  3.4110E+01  0.0000E+00  2.0872E+02
  0.0000E+00 -1.0000E+01  1.6400E+02  1.2000E+00  0.0000E+00  0.0000E+00
  0.0000E+00  0.0000E+00
  6.3000E+01  1.4233E+02  6.5244E+02  1.0687E-02 -1.7737E+00 -1.6368E-03
  7.1811E+01  1.0578E+01 -4.6954E-01  3.6526E+01  0.0000E+00  2.0874E+02
  0.0000E+00 -1.0000E+01  1.6400E+02  1.2000E+00  0.0000E+00  0.0000E+00
  0.0000E+00  0.0000E+00
  6.4000E+01  1.4605E+02  6.6235E+02  1.1034E-02 -1.9636E+00 -2.0510E-03
  7.2441E+01  1.0570E+01 -4.8825E-01  3.8917E+01  0.0000E+00  2.0875E+02
  0.0000E+00 -1.0000E+01  1.6400E+02  1.2000E+00  0.0000E+00  0.0000E+00
  0.0000E+00  0.0000E+00

  6.5000E+01  1.4966E+02  6.7229E+02  1.1379E-02 -2.1498E+00 -2.4167E-03
  7.3111E+01  1.0562E+01 -5.0628E-01  4.1277E+01  0.0000E+00  2.0875E+02
  0.0000E+00 -1.0000E+01  1.6400E+02  1.2000E+00  0.0000E+00  0.0000E+00
  0.0000E+00  0.0000E+00
  6.6000E+01  1.5317E+02  6.8226E+02  1.1659E-02 -2.3307E+00 -2.7940E-03
  7.3820E+01  1.0552E+01 -5.2372E-01  4.3602E+01  0.0000E+00  2.0874E+02
  0.0000E+00 -1.0000E+01  1.6400E+02  1.2000E+00  0.0000E+00  0.0000E+00
  0.0000E+00  0.0000E+00
  6.7000E+01  1.5657E+02  6.9226E+02  1.1859E-02 -2.5051E+00 -3.2440E-03
  7.4568E+01  1.0541E+01 -5.4063E-01  4.5889E+01  0.0000E+00  2.0872E+02
  0.0000E+00 -1.0000E+01  1.6400E+02  1.2000E+00  0.0000E+00  0.0000E+00
  0.0000E+00  0.0000E+00
  6.8000E+01  1.5985E+02  7.0229E+02  1.2012E-02 -2.6728E+00 -3.7901E-03
  7.5354E+01  1.0530E+01 -5.5705E-01  4.8135E+01  0.0000E+00  2.0870E+02
  0.0000E+00 -1.0000E+01  1.6400E+02  1.2000E+00  0.0000E+00  0.0000E+00
  0.0000E+00  0.0000E+00
  6.9000E+01  1.6300E+02  7.1234E+02  1.2172E-02 -2.8341E+00 -4.4044E-03
  7.6177E+01  1.0517E+01 -5.7299E-01  5.0339E+01  0.0000E+00  2.0867E+02
  0.0000E+00 -1.0000E+01  1.6400E+02  1.2000E+00  0.0000E+00  0.0000E+00
  0.0000E+00  0.0000E+00
##          0         113   20190918  160205
##      1    3789                                       


  7.0000E+01  1.6602E+02  7.2243E+02  1.2369E-02 -2.9899E+00 -5.0265E-03
  7.7037E+01  1.0503E+01 -5.8849E-01  5.2496E+01  0.0000E+00  2.0863E+02
  0.0000E+00 -1.0000E+01  1.6400E+02  1.2000E+00  0.0000E+00  0.0000E+00
  0.0000E+00  0.0000E+00
  7.1000E+01  1.6889E+02  7.3254E+02  1.2597E-02 -3.1411E+00 -5.5894E-03
  7.7932E+01  1.0488E+01 -6.0354E-01  5.4608E+01  0.0000E+00  2.0862E+02
  0.0000E+00 -1.0000E+01  1.6400E+02  1.2000E+00  0.0000E+00  0.0000E+00
  0.0000E+00  0.0000E+00
  7.2000E+01  1.7162E+02  7.4268E+02  1.2819E-02 -3.2881E+00 -6.0532E-03
  7.8862E+01  1.0472E+01 -6.1819E-01  5.6672E+01  0.0000E+00  2.0861E+02
  0.0000E+00 -1.0000E+01  1.6400E+02  1.2000E+00  0.0000E+00  0.0000E+00
  0.0000E+00  0.0000E+00
  7.3000E+01  1.7418E+02  7.5284E+02  1.2996E-02 -3.4311E+00 -6.4319E-03
  7.9827E+01  1.0455E+01 -6.3246E-01  5.8690E+01  0.0000E+00  2.0859E+02
  0.0000E+00 -1.0000E+01  1.6400E+02  1.2000E+00  0.0000E+00  0.0000E+00
  0.0000E+00  0.0000E+00
  7.4000E+01  1.7659E+02  7.6302E+02  1.3112E-02 -3.5701E+00 -6.7764E-03
  8.0825E+01  1.0437E+01 -6.4638E-01  6.0660E+01  0.0000E+00  2.0856E+02
  0.0000E+00 -1.0000E+01  1.6400E+02  1.2000E+00  0.0000E+00  0.0000E+00
  0.0000E+00  0.0000E+00

  7.5000E+01  1.7883E+02  7.7323E+02  1.3182E-02 -3.7048E+00 -7.1412E-03
  8.1856E+01  1.0418E+01 -6.5997E-01  6.2583E+01  0.0000E+00  2.0852E+02
  0.0000E+00 -1.0000E+01  1.6400E+02  1.2000E+00  0.0000E+00  0.0000E+00
  0.0000E+00  0.0000E+00
  7.6000E+01  1.8089E+02  7.8345E+02  1.3239E-02 -3.8349E+00 -7.5559E-03
  8.2919E+01  1.0398E+01 -6.7324E-01  6.4459E+01  0.0000E+00  2.0848E+02
  0.0000E+00 -1.0000E+01  1.6400E+02  1.2000E+00  0.0000E+00  0.0000E+00
  0.0000E+00  0.0000E+00
  7.7000E+01  1.8276E+02  7.9369E+02  1.3312E-02 -3.9603E+00 -8.0174E-03
  8.4013E+01  1.0377E+01 -6.8619E-01  6.6289E+01  0.0000E+00  2.0842E+02
  0.0000E+00 -1.0000E+01  1.6400E+02  1.2000E+00  0.0000E+00  0.0000E+00
  0.0000E+00  0.0000E+00
  7.8000E+01  1.8446E+02  8.0394E+02  1.3410E-02 -4.0808E+00 -8.4989E-03
  8.5137E+01  1.0355E+01 -6.9883E-01  6.8071E+01  0.0000E+00  2.0836E+02
  0.0000E+00 -1.0000E+01  1.6400E+02  1.2000E+00  0.0000E+00  0.0000E+00
  0.0000E+00  0.0000E+00
  7.9000E+01  1.8596E+02  8.1420E+02  1.3523E-02 -4.1969E+00 -8.9815E-03
  8.6291E+01  1.0331E+01 -7.1103E-01  6.9802E+01  0.0000E+00  2.0829E+02
  0.0000E+00 -1.0000E+01  1.6399E+02  1.1912E+00  0.0000E+00  0.0000E+00
  0.0000E+00  0.0000E+00
##          0         113   20190918  160206
##      1    3789                                       


  8.0000E+01  1.8726E+02  8.2446E+02  1.3650E-02 -4.3099E+00 -9.5259E-03
  8.7474E+01  1.0307E+01 -7.2273E-01  7.1474E+01  0.0000E+00  2.0821E+02
  0.0000E+00 -1.0000E+01  1.6399E+02  1.1911E+00  0.0000E+00  0.0000E+00
  0.0000E+00  0.0000E+00
  8.1000E+01  1.8835E+02  8.3472E+02  1.3769E-02 -4.4199E+00 -1.0022E-02
  8.8684E+01  1.0281E+01 -7.3377E-01  7.3070E+01  0.0000E+00  2.0811E+02
  0.0000E+00 -1.0000E+01  1.6400E+02  1.1930E+00  0.0000E+00  0.0000E+00
  0.0000E+00  0.0000E+00
  8.2000E+01  1.8924E+02  8.4498E+02  1.3825E-02 -4.5271E+00 -1.0329E-02
  8.9921E+01  1.0255E+01 -7.4407E-01  7.4583E+01  0.0000E+00  2.0802E+02
  0.0000E+00 -1.0000E+01  1.6400E+02  1.1946E+00  0.0000E+00  0.0000E+00
  0.0000E+00  0.0000E+00
  8.3000E+01  1.8992E+02  8.5523E+02  1.3788E-02 -4.6306E+00 -1.0455E-02
  9.1182E+01  1.0228E+01 -7.5359E-01  7.6008E+01  0.0000E+00  2.0791E+02
  0.0000E+00 -1.0000E+01  1.6399E+02  1.1862E+00  0.0000E+00  0.0000E+00
  0.0000E+00  0.0000E+00
  8.4000E+01  1.9038E+02  8.6546E+02  1.3677E-02 -4.7295E+00 -1.0569E-02
  9.2466E+01  1.0200E+01 -7.6246E-01  7.7349E+01  0.0000E+00  2.0779E+02
  0.0000E+00 -1.0000E+01  1.6399E+02  1.1881E+00  0.0000E+00  0.0000E+00
  0.0000E+00  0.0000E+00

  8.5000E+01  1.9061E+02  8.7567E+02  1.3512E-02 -4.8210E+00 -1.0700E-02
  9.3773E+01  1.0172E+01 -7.7089E-01  7.8615E+01  0.0000E+00  2.0767E+02
  0.0000E+00 -1.0000E+01  1.6400E+02  1.1907E+00  0.0000E+00  0.0000E+00
  0.0000E+00  0.0000E+00
  8.6000E+01  1.9063E+02  8.8586E+02  1.3317E-02 -4.9036E+00 -1.0915E-02
  9.5100E+01  1.0143E+01 -7.7869E-01  7.9802E+01  0.0000E+00  2.0754E+02
  0.0000E+00 -1.0000E+01  1.6399E+02  1.1829E+00  0.0000E+00  0.0000E+00
  0.0000E+00  0.0000E+00
  8.7000E+01  1.9042E+02  8.9601E+02  1.3141E-02 -4.9773E+00 -1.1273E-02
  9.6447E+01  1.0113E+01 -7.8603E-01  8.0918E+01  0.0000E+00  2.0740E+02
  0.0000E+00 -1.0000E+01  1.6399E+02  1.1860E+00  0.0000E+00  0.0000E+00
  0.0000E+00  0.0000E+00
  8.8000E+01  1.8997E+02  9.0613E+02  1.2997E-02 -5.0421E+00 -1.1647E-02
  9.7812E+01  1.0084E+01 -7.9290E-01  8.1964E+01  0.0000E+00  2.0727E+02
  0.0000E+00 -1.0000E+01  1.6397E+02  1.1799E+00  0.0000E+00  0.0000E+00
  0.0000E+00  0.0000E+00
  8.9000E+01  1.8930E+02  9.1621E+02  1.2893E-02 -5.0997E+00 -1.2011E-02
  9.9194E+01  1.0053E+01 -7.9925E-01  8.2942E+01  0.0000E+00  2.0713E+02
  0.0000E+00 -1.0000E+01  1.6398E+02  1.1823E+00  0.0000E+00  0.0000E+00
  0.0000E+00  0.0000E+00
##          0         113   20190918  160206
##      1    3789                                       


  9.0000E+01  1.8839E+02  9.2624E+02  1.2805E-02 -5.1512E+00 -1.2240E-02
  1.0059E+02  1.0023E+01 -8.0519E-01  8.3857E+01  0.0000E+00  2.0698E+02
  0.0000E+00 -1.0000E+01  1.6399E+02  1.1768E+00  0.0000E+00  0.0000E+00
  0.0000E+00  0.0000E+00
  9.1000E+01  1.8725E+02  9.3622E+02  1.2391E-02 -5.2327E+00 -1.2133E-02
  1.0200E+02  9.9954E+00 -7.9731E-01  8.4113E+01  0.0000E+00  2.0523E+02
  0.0000E+00 -5.4000E+00  1.6399E+02  1.1798E+00  0.0000E+00  0.0000E+00
  0.0000E+00  0.0000E+00
  9.2000E+01  1.8585E+02  9.4613E+02  1.1146E-02 -5.4623E+00 -1.0259E-02
  1.0341E+02  9.9675E+00 -7.7109E-01  8.3259E+01  0.0000E+00  1.9979E+02
  0.0000E+00 -8.0000E-01  1.6394E+02  1.1748E+00  0.0000E+00  0.0000E+00
  0.0000E+00  0.0000E+00
  9.3000E+01  1.8418E+02  9.5597E+02  9.9956E-03 -5.8268E+00 -5.4726E-03
  1.0479E+02  9.9375E+00 -7.3775E-01  8.1606E+01  0.0000E+00  1.9637E+02
  0.0000E+00  3.8000E+00  1.6396E+02  1.1783E+00  0.0000E+00  0.0000E+00
  0.0000E+00  0.0000E+00
  9.4000E+01  1.8226E+02  9.6573E+02  8.8471E-03 -6.2231E+00  1.5422E-03
  1.0614E+02  9.9074E+00 -7.0078E-01  7.9327E+01  0.0000E+00  1.9496E+02
  0.0000E+00  8.4000E+00  1.6393E+02  1.1729E+00  0.0000E+00  0.0000E+00
  0.0000E+00  0.0000E+00

  9.5000E+01  1.8008E+02  9.7541E+02  6.6766E-03 -6.5370E+00  7.7054E-03
  1.0745E+02  9.8787E+00 -6.6368E-01  7.6647E+01  0.0000E+00  1.9441E+02
  0.0000E+00  9.9266E+00  1.6393E+02  1.1724E+00  0.0000E+00  0.0000E+00
  0.0000E+00  0.0000E+00
  9.6000E+01  1.7766E+02  9.8499E+02  3.1774E-03 -6.6563E+00  9.2923E-03
  1.0871E+02  9.8538E+00 -6.3150E-01  7.3894E+01  0.0000E+00  1.9428E+02
  0.0000E+00  9.9967E+00  1.6396E+02  1.1723E+00  0.0000E+00  0.0000E+00
  0.0000E+00  0.0000E+00
  9.7000E+01  1.7500E+02  9.9449E+02 -7.6223E-04 -6.5308E+00  4.2367E-03
  1.0993E+02  9.8346E+00 -6.0287E-01  7.1137E+01  0.0000E+00  1.9436E+02
  0.0000E+00  9.9999E+00  1.6393E+02  1.1684E+00  0.0000E+00  0.0000E+00
  0.0000E+00  0.0000E+00
  9.8000E+01  1.7213E+02  1.0039E+03 -3.4069E-03 -6.1955E+00 -6.1033E-03
  1.1111E+02  9.8211E+00 -5.7581E-01  6.8387E+01  0.0000E+00  1.9459E+02
  0.0000E+00  1.0000E+01  1.6396E+02  1.1733E+00  0.0000E+00  0.0000E+00
  0.0000E+00  0.0000E+00
  9.9000E+01  1.6905E+02  1.0132E+03 -3.2753E-03 -5.7414E+00 -1.7269E-02
  1.1223E+02  9.8129E+00 -5.4882E-01  6.5629E+01  0.0000E+00  1.9492E+02
  0.0000E+00  1.0000E+01  1.6395E+02  1.1686E+00  0.0000E+00  0.0000E+00
  0.0000E+00  0.0000E+00
##          0         113   20190918  160206
##      1    3789                                       


  1.0000E+02  1.6577E+02  1.0225E+03 -2.8347E-04 -5.2745E+00 -2.4156E-02
  1.1331E+02  9.8091E+00 -5.2109E-01  6.2840E+01  0.0000E+00  1.9533E+02
  0.0000E+00  1.0000E+01  1.6397E+02  1.1666E+00  0.0000E+00  0.0000E+00
  0.0000E+00  0.0000E+00
  1.0100E+02  1.6229E+02  1.0317E+03  3.9576E-03 -4.8795E+00 -2.3689E-02
  1.1434E+02  9.8076E+00 -4.9287E-01  6.0012E+01  0.0000E+00  1.9580E+02
  0.0000E+00  1.0000E+01  1.6398E+02  1.1703E+00  0.0000E+00  0.0000E+00
  0.0000E+00  0.0000E+00
  1.0200E+02  1.5862E+02  1.0408E+03  7.0176E-03 -4.5985E+00 -1.6267E-02
  1.1532E+02  9.8077E+00 -4.6487E-01  5.7145E+01  0.0000E+00  1.9628E+02
  0.0000E+00  1.0000E+01  1.6392E+02  1.1670E+00  0.0000E+00  0.0000E+00
  0.0000E+00  0.0000E+00
  1.0300E+02  1.5477E+02  1.0498E+03  7.1599E-03 -4.4260E+00 -5.4164E-03
  1.1625E+02  9.8082E+00 -4.3808E-01  5.4257E+01  0.0000E+00  1.9677E+02
  0.0000E+00  1.0000E+01  1.6395E+02  1.1722E+00  0.0000E+00  0.0000E+00
  0.0000E+00  0.0000E+00
  1.0400E+02  1.5076E+02  1.0588E+03  4.3609E-03 -4.3245E+00  4.3599E-03
  1.1714E+02  9.8096E+00 -4.1309E-01  5.1370E+01  0.0000E+00  1.9725E+02
  0.0000E+00  1.0000E+01  1.6391E+02  1.1679E+00  0.0000E+00  0.0000E+00
  0.0000E+00  0.0000E+00

  1.0500E+02  1.4659E+02  1.0677E+03  2.9972E-04 -4.2443E+00  9.6861E-03
  1.1797E+02  9.8127E+00 -3.8997E-01  4.8504E+01  0.0000E+00  1.9771E+02
  0.0000E+00  1.0000E+01  1.6395E+02  1.1738E+00  0.0000E+00  0.0000E+00
  0.0000E+00  0.0000E+00
  1.0600E+02  1.4228E+02  1.0765E+03 -2.7820E-03 -4.1441E+00  9.8207E-03
  1.1876E+02  9.8179E+00 -3.6841E-01  4.5674E+01  0.0000E+00  1.9817E+02
  0.0000E+00  1.0000E+01  1.6392E+02  1.1691E+00  0.0000E+00  0.0000E+00
  0.0000E+00  0.0000E+00
  1.0700E+02  1.3782E+02  1.0853E+03 -3.3994E-03 -4.0017E+00  6.3766E-03
  1.1950E+02  9.8260E+00 -3.4765E-01  4.2878E+01  0.0000E+00  1.9863E+02
  0.0000E+00  1.0000E+01  1.6391E+02  1.1700E+00  0.0000E+00  0.0000E+00
  0.0000E+00  0.0000E+00
  1.0800E+02  1.3323E+02  1.0940E+03 -1.6000E-03 -3.8169E+00  2.1341E-03
  1.2020E+02  9.8364E+00 -3.2686E-01  4.0134E+01  0.0000E+00  1.9910E+02
  0.0000E+00  1.0000E+01  1.6394E+02  1.1704E+00  0.0000E+00  0.0000E+00
  0.0000E+00  0.0000E+00
  1.0900E+02  1.2851E+02  1.1026E+03  1.2959E-03 -3.6067E+00 -5.9438E-04
  1.2085E+02  9.8492E+00 -3.0487E-01  3.7459E+01  0.0000E+00  1.9959E+02
  0.0000E+00  1.0000E+01  1.6388E+02  1.1714E+00  0.0000E+00  0.0000E+00
  0.0000E+00  0.0000E+00
##          0         113   20190918  160206
##      1    3789                                       


  1.1000E+02  1.2367E+02  1.1112E+03  3.6346E-03 -3.3930E+00 -8.6092E-04
  1.2145E+02  9.8630E+00 -2.8201E-01  3.4849E+01  0.0000E+00  2.0008E+02
  0.0000E+00  1.0000E+01  1.6393E+02  1.1715E+00  0.0000E+00  0.0000E+00
  0.0000E+00  0.0000E+00
  1.1100E+02  1.1872E+02  1.1197E+03  4.3801E-03 -3.1919E+00  8.6837E-04
  1.2201E+02  9.8781E+00 -2.5849E-01  3.2285E+01  0.0000E+00  2.0059E+02
  0.0000E+00  1.0000E+01  1.6393E+02  1.1722E+00  0.0000E+00  0.0000E+00
  0.0000E+00  0.0000E+00
  1.1200E+02  1.1366E+02  1.1282E+03  3.5455E-03 -3.0106E+00  3.3485E-03
  1.2253E+02  9.8934E+00 -2.3490E-01  2.9768E+01  0.0000E+00  2.0109E+02
  0.0000E+00  1.0000E+01  1.6396E+02  1.1722E+00  0.0000E+00  0.0000E+00
  0.0000E+00  0.0000E+00
  1.1300E+02  1.0849E+02  1.1367E+03  1.9742E-03 -2.8474E+00  5.3779E-03
  1.2301E+02  9.9100E+00 -2.1132E-01  2.7285E+01  0.0000E+00  2.0160E+02
  0.0000E+00  1.0000E+01  1.6398E+02  1.1780E+00  0.0000E+00  0.0000E+00
  0.0000E+00  0.0000E+00
  1.1400E+02  1.0323E+02  1.1451E+03  6.9772E-04 -2.6963E+00  6.4098E-03
  1.2344E+02  9.9270E+00 -1.8810E-01  2.4842E+01  0.0000E+00  2.0190E+02
  0.0000E+00  1.0000E+01  1.6395E+02  1.1726E+00  0.0000E+00  0.0000E+00
  0.0000E+00  0.0000E+00

  1.1500E+02  9.7881E+01  1.1535E+03  3.7694E-04 -2.5488E+00  6.4582E-03
  1.2384E+02  9.9446E+00 -1.6507E-01  2.2431E+01  0.0000E+00  2.0205E+02
  0.0000E+00  1.0000E+01  1.6397E+02  1.1780E+00  0.0000E+00  0.0000E+00
  0.0000E+00  0.0000E+00
  1.1600E+02  9.2445E+01  1.1618E+03  9.8535E-04 -2.4010E+00  6.0706E-03
  1.2419E+02  9.9629E+00 -1.4150E-01  2.0047E+01  0.0000E+00  2.0222E+02
  0.0000E+00  1.0000E+01  1.6395E+02  1.1734E+00  0.0000E+00  0.0000E+00
  0.0000E+00  0.0000E+00
  1.1700E+02  8.6929E+01  1.1701E+03  2.0434E-03 -2.2515E+00  5.6737E-03
  1.2451E+02  9.9812E+00 -1.1733E-01  1.7685E+01  0.0000E+00  2.0237E+02
  0.0000E+00  1.0000E+01  1.6397E+02  1.1772E+00  0.0000E+00  0.0000E+00
  0.0000E+00  0.0000E+00
  1.1800E+02  8.1340E+01  1.1784E+03  2.9474E-03 -2.1006E+00  5.5922E-03
  1.2478E+02  1.0000E+01 -9.2465E-02  1.5330E+01  0.0000E+00  2.0254E+02
  0.0000E+00  1.0000E+01  1.6398E+02  1.1822E+00  0.0000E+00  0.0000E+00
  0.0000E+00  0.0000E+00
  1.1900E+02  7.5681E+01  1.1867E+03  3.3459E-03 -1.9481E+00  5.8136E-03
  1.2502E+02  1.0019E+01 -6.7219E-02  1.2985E+01  0.0000E+00  2.0270E+02
  0.0000E+00  1.0000E+01  1.6398E+02  1.1760E+00  0.0000E+00  0.0000E+00
  0.0000E+00  0.0000E+00
##          0         113   20190918  160206
##      1    3789                                       


  1.2000E+02  6.9959E+01  1.1949E+03  3.2798E-03 -1.7929E+00  6.0715E-03
  1.2522E+02  1.0037E+01 -4.1515E-02  1.0640E+01  0.0000E+00  2.0286E+02
  0.0000E+00  1.0000E+01  1.6399E+02  1.1806E+00  0.0000E+00  0.0000E+00
  0.0000E+00  0.0000E+00
  1.2100E+02  6.4179E+01  1.2031E+03  3.0125E-03 -1.6357E+00  6.2790E-03
  1.2538E+02  1.0056E+01 -1.5302E-02  8.2858E+00  0.0000E+00  2.0302E+02
  0.0000E+00  1.0000E+01  1.6399E+02  1.1850E+00  0.0000E+00  0.0000E+00
  0.0000E+00  0.0000E+00
  1.2200E+02  5.8346E+01  1.2113E+03  2.8579E-03 -1.4762E+00  6.3705E-03
  1.2549E+02  1.0075E+01  1.1207E-02  5.9294E+00  0.0000E+00  2.0319E+02
  0.0000E+00  1.0000E+01  1.6398E+02  1.1783E+00  0.0000E+00  0.0000E+00
  0.0000E+00  0.0000E+00
  1.2300E+02  5.2466E+01  1.2195E+03  2.9999E-03 -1.3139E+00  6.3136E-03
  1.2557E+02  1.0093E+01  3.8159E-02  3.5632E+00  0.0000E+00  2.0335E+02
  0.0000E+00  1.0000E+01  1.6399E+02  1.1824E+00  0.0000E+00  0.0000E+00
  0.0000E+00  0.0000E+00
  1.2400E+02  4.6545E+01  1.2277E+03  3.3841E-03 -1.1496E+00  6.2820E-03
  1.2561E+02  1.0111E+01  6.5634E-02  1.1818E+00  0.0000E+00  2.0351E+02
  0.0000E+00  1.0000E+01  1.6399E+02  1.1863E+00  0.0000E+00  0.0000E+00
  0.0000E+00  0.0000E+00

  1.2500E+02  4.0586E+01  1.2359E+03  3.8345E-03 -9.8392E-01  6.3680E-03
  1.2561E+02  1.0129E+01  9.3540E-02 -1.2128E+00  0.0000E+00  2.0368E+02
  0.0000E+00  1.0000E+01  1.6399E+02  1.1816E+00  0.0000E+00  0.0000E+00
  0.0000E+00  0.0000E+00
  1.2600E+02  3.4598E+01  1.2441E+03  4.2170E-03 -8.1572E-01  6.4249E-03
  1.2557E+02  1.0146E+01  1.2167E-01 -3.6121E+00  0.0000E+00  2.0383E+02
  0.0000E+00  1.0000E+01  1.6399E+02  1.1822E+00  0.0000E+00  0.0000E+00
  0.0000E+00  0.0000E+00
  1.2700E+02  2.8584E+01  1.2522E+03  4.4844E-03 -6.4469E-01  6.3793E-03
  1.2549E+02  1.0163E+01  1.5019E-01 -6.0233E+00  0.0000E+00  2.0399E+02
  0.0000E+00  1.0000E+01  1.6400E+02  1.1859E+00  0.0000E+00  0.0000E+00
  0.0000E+00  0.0000E+00
  1.2800E+02  2.2551E+01  1.2604E+03  4.6722E-03 -4.7154E-01  6.2759E-03
  1.2537E+02  1.0179E+01  1.7904E-01 -8.4451E+00  0.0000E+00  2.0415E+02
  0.0000E+00  1.0000E+01  1.6400E+02  1.1891E+00  0.0000E+00  0.0000E+00
  0.0000E+00  0.0000E+00
  1.2900E+02  1.6505E+01  1.2686E+03  4.8622E-03 -2.9551E-01  6.1548E-03
  1.2521E+02  1.0195E+01  2.0745E-01 -1.0873E+01  0.0000E+00  2.0430E+02
  0.0000E+00  1.0000E+01  1.6400E+02  1.1916E+00  0.0000E+00  0.0000E+00
  0.0000E+00  0.0000E+00
##          0         113   20190918  160206
##      1    3789                                       


  1.3000E+02  1.0453E+01  1.2768E+03  5.1226E-03 -1.1290E-01  6.0280E-03
  1.2501E+02  1.0210E+01  2.3483E-01 -1.3293E+01  0.0000E+00  2.0445E+02
  0.0000E+00  1.0000E+01  1.6399E+02  1.1844E+00  0.0000E+00  0.0000E+00
  0.0000E+00  0.0000E+00
  1.3100E+02  4.4012E+00  1.2851E+03  5.4984E-03  7.8430E-02  5.7935E-03
  1.2477E+02  1.0224E+01  2.6127E-01 -1.5695E+01  0.0000E+00  2.0459E+02
  0.0000E+00  1.0000E+01  1.6400E+02  1.1858E+00  0.0000E+00  0.0000E+00
  0.0000E+00  0.0000E+00
  1.3200E+02 -1.6419E+00  1.2933E+03  5.9528E-03  2.7565E-01  5.5154E-03
  1.2448E+02  1.0237E+01  2.8712E-01 -1.8078E+01  0.0000E+00  2.0473E+02
  0.0000E+00  1.0000E+01  1.6400E+02  1.1889E+00  0.0000E+00  0.0000E+00
  0.0000E+00  0.0000E+00
  1.3300E+02 -7.6702E+00  1.3016E+03  6.4019E-03  4.7376E-01  5.2774E-03
  1.2416E+02  1.0249E+01  3.1244E-01 -2.0438E+01  0.0000E+00  2.0486E+02
  0.0000E+00  1.0000E+01  1.6400E+02  1.1914E+00  0.0000E+00  0.0000E+00
  0.0000E+00  0.0000E+00
  1.3400E+02 -1.3677E+01  1.3099E+03  6.7747E-03  6.6826E-01  5.0725E-03
  1.2380E+02  1.0260E+01  3.3728E-01 -2.2770E+01  0.0000E+00  2.0498E+02
  0.0000E+00  1.0000E+01  1.6400E+02  1.1933E+00  0.0000E+00  0.0000E+00
  0.0000E+00  0.0000E+00

  1.3500E+02 -1.9656E+01  1.3183E+03  7.0501E-03  8.5624E-01  4.8337E-03
  1.2340E+02  1.0271E+01  3.6161E-01 -2.5071E+01  0.0000E+00  2.0510E+02
  0.0000E+00  1.0000E+01  1.6400E+02  1.1948E+00  0.0000E+00  0.0000E+00
  0.0000E+00  0.0000E+00
  1.3600E+02 -2.5599E+01  1.3267E+03  7.2640E-03  1.0379E+00  4.4908E-03
  1.2297E+02  1.0280E+01  3.8464E-01 -2.7377E+01  0.0000E+00  2.0522E+02
  0.0000E+00  1.0000E+01  1.6400E+02  1.1960E+00  0.0000E+00  0.0000E+00
  0.0000E+00  0.0000E+00
  1.3700E+02 -3.1499E+01  1.3351E+03  7.4902E-03  1.2174E+00  4.0204E-03
  1.2249E+02  1.0288E+01  4.0615E-01 -2.9699E+01  0.0000E+00  2.0532E+02
  0.0000E+00  1.0000E+01  1.6400E+02  1.1969E+00  0.0000E+00  0.0000E+00
  0.0000E+00  0.0000E+00
  1.3800E+02 -3.7349E+01  1.3436E+03  7.8006E-03  1.3976E+00  3.4459E-03
  1.2197E+02  1.0295E+01  4.2629E-01 -3.2016E+01  0.0000E+00  2.0542E+02
  0.0000E+00  1.0000E+01  1.6400E+02  1.1881E+00  0.0000E+00  0.0000E+00
  0.0000E+00  0.0000E+00
  1.3900E+02 -4.3139E+01  1.3521E+03  8.2349E-03  1.5802E+00  2.7634E-03
  1.2142E+02  1.0300E+01  4.4538E-01 -3.4318E+01  0.0000E+00  2.0550E+02
  0.0000E+00  1.0000E+01  1.6400E+02  1.1895E+00  0.0000E+00  0.0000E+00
  0.0000E+00  0.0000E+00
##          0         113   20190918  160206
##      1    3789                                       


  1.4000E+02 -4.8862E+01  1.3607E+03  8.7329E-03  1.7629E+00  2.1359E-03
  1.2083E+02  1.0304E+01  4.6378E-01 -3.6604E+01  0.0000E+00  2.0558E+02
  0.0000E+00  1.0000E+01  1.6400E+02  1.1918E+00  0.0000E+00  0.0000E+00
  0.0000E+00  0.0000E+00
  1.4100E+02 -5.4512E+01  1.3693E+03  9.1845E-03  1.9424E+00  1.6510E-03
  1.2020E+02  1.0307E+01  4.8160E-01 -3.8871E+01  0.0000E+00  2.0565E+02
  0.0000E+00  1.0000E+01  1.6400E+02  1.1937E+00  0.0000E+00  0.0000E+00
  0.0000E+00  0.0000E+00
  1.4200E+02 -6.0080E+01  1.3780E+03  9.5060E-03  2.1166E+00  1.2630E-03
  1.1953E+02  1.0308E+01  4.9888E-01 -4.1112E+01  0.0000E+00  2.0571E+02
  0.0000E+00  1.0000E+01  1.6400E+02  1.1951E+00  0.0000E+00  0.0000E+00
  0.0000E+00  0.0000E+00
  1.4300E+02 -6.5559E+01  1.3868E+03  9.6907E-03  2.2843E+00  8.6179E-04
  1.1882E+02  1.0309E+01  5.1565E-01 -4.3323E+01  0.0000E+00  2.0576E+02
  0.0000E+00  1.0000E+01  1.6400E+02  1.1962E+00  0.0000E+00  0.0000E+00
  0.0000E+00  0.0000E+00
  1.4400E+02 -7.0943E+01  1.3956E+03  9.8067E-03  2.4457E+00  3.6192E-04
  1.1808E+02  1.0308E+01  5.3194E-01 -4.5500E+01  0.0000E+00  2.0581E+02
  0.0000E+00  1.0000E+01  1.6400E+02  1.1971E+00  0.0000E+00  0.0000E+00
  0.0000E+00  0.0000E+00

  1.4500E+02 -7.6224E+01  1.4044E+03  9.9473E-03  2.6017E+00 -2.4701E-04
  1.1730E+02  1.0306E+01  5.4777E-01 -4.7640E+01  0.0000E+00  2.0585E+02
  0.0000E+00  1.0000E+01  1.6400E+02  1.1977E+00  0.0000E+00  0.0000E+00
  0.0000E+00  0.0000E+00
  1.4600E+02 -8.1394E+01  1.4134E+03  1.0177E-02  2.7538E+00 -9.3696E-04
  1.1649E+02  1.0302E+01  5.6301E-01 -4.9734E+01  0.0000E+00  2.0587E+02
  0.0000E+00  1.0000E+01  1.6400E+02  1.1888E+00  0.0000E+00  0.0000E+00
  0.0000E+00  0.0000E+00
  1.4700E+02 -8.6446E+01  1.4224E+03  1.0518E-02  2.9038E+00 -1.7074E-03
  1.1564E+02  1.0296E+01  5.7775E-01 -5.1780E+01  0.0000E+00  2.0591E+02
  0.0000E+00  1.0000E+01  1.6400E+02  1.1901E+00  0.0000E+00  0.0000E+00
  0.0000E+00  0.0000E+00
  1.4800E+02 -9.1373E+01  1.4314E+03  1.0906E-02  3.0511E+00 -2.3858E-03
  1.1476E+02  1.0290E+01  5.9219E-01 -5.3787E+01  0.0000E+00  2.0598E+02
  0.0000E+00  1.0000E+01  1.6400E+02  1.1922E+00  0.0000E+00  0.0000E+00
  0.0000E+00  0.0000E+00
  1.4900E+02 -9.6168E+01  1.4405E+03  1.1233E-02  3.1944E+00 -2.8735E-03
  1.1384E+02  1.0282E+01  6.0634E-01 -5.5754E+01  0.0000E+00  2.0603E+02
  0.0000E+00  1.0000E+01  1.6400E+02  1.1940E+00  0.0000E+00  0.0000E+00
  0.0000E+00  0.0000E+00
##          0         113   20190918  160206
##      1    3789                                       


  1.5000E+02 -1.0082E+02  1.4497E+03  1.1427E-02  3.3331E+00 -3.2129E-03
  1.1289E+02  1.0274E+01  6.2017E-01 -5.7679E+01  0.0000E+00  2.0607E+02
  0.0000E+00  1.0000E+01  1.6400E+02  1.1953E+00  0.0000E+00  0.0000E+00
  0.0000E+00  0.0000E+00
  1.5100E+02 -1.0533E+02  1.4590E+03  1.1489E-02  3.4670E+00 -3.5226E-03
  1.1191E+02  1.0264E+01  6.3364E-01 -5.9560E+01  0.0000E+00  2.0610E+02
  0.0000E+00  1.0000E+01  1.6398E+02  1.1888E+00  0.0000E+00  0.0000E+00
  0.0000E+00  0.0000E+00
  1.5200E+02 -1.0969E+02  1.4683E+03  1.1512E-02  3.5973E+00 -3.9958E-03
  1.1090E+02  1.0252E+01  6.4662E-01 -6.1388E+01  0.0000E+00  2.0612E+02
  0.0000E+00  1.0000E+01  1.6399E+02  1.1879E+00  0.0000E+00  0.0000E+00
  0.0000E+00  0.0000E+00
  1.5300E+02 -1.1389E+02  1.4777E+03  1.1596E-02  3.7239E+00 -4.6168E-03
  1.0986E+02  1.0239E+01  6.5937E-01 -6.3174E+01  0.0000E+00  2.0613E+02
  0.0000E+00  1.0000E+01  1.6399E+02  1.1903E+00  0.0000E+00  0.0000E+00
  0.0000E+00  0.0000E+00
  1.5400E+02 -1.1792E+02  1.4871E+03  1.1763E-02  3.8455E+00 -5.2311E-03
  1.0879E+02  1.0226E+01  6.7187E-01 -6.4918E+01  0.0000E+00  2.0613E+02
  0.0000E+00  1.0000E+01  1.6400E+02  1.1925E+00  0.0000E+00  0.0000E+00
  0.0000E+00  0.0000E+00

  1.5500E+02 -1.2179E+02  1.4966E+03  1.1969E-02  3.9623E+00 -5.7520E-03
  1.0769E+02  1.0211E+01  6.8402E-01 -6.6616E+01  0.0000E+00  2.0612E+02
  0.0000E+00  1.0000E+01  1.6399E+02  1.1852E+00  0.0000E+00  0.0000E+00
  0.0000E+00  0.0000E+00
  1.5600E+02 -1.2547E+02  1.5061E+03  1.2166E-02  4.0756E+00 -6.2595E-03
  1.0656E+02  1.0195E+01  6.9576E-01 -6.8265E+01  0.0000E+00  2.0611E+02
  0.0000E+00  1.0000E+01  1.6400E+02  1.1864E+00  0.0000E+00  0.0000E+00
  0.0000E+00  0.0000E+00
  1.5700E+02 -1.2897E+02  1.5157E+03  1.2313E-02  4.1851E+00 -6.7166E-03
  1.0540E+02  1.0178E+01  7.0729E-01 -6.9872E+01  0.0000E+00  2.0608E+02
  0.0000E+00  1.0000E+01  1.6400E+02  1.1893E+00  0.0000E+00  0.0000E+00
  0.0000E+00  0.0000E+00
  1.5800E+02 -1.3228E+02  1.5253E+03  1.2381E-02  4.2903E+00 -7.0830E-03
  1.0422E+02  1.0160E+01  7.1836E-01 -7.1423E+01  0.0000E+00  2.0605E+02
  0.0000E+00  1.0000E+01  1.6396E+02  1.1840E+00  0.0000E+00  0.0000E+00
  0.0000E+00  0.0000E+00
  1.5900E+02 -1.3540E+02  1.5350E+03  1.2384E-02  4.3938E+00 -7.4329E-03
  1.0301E+02  1.0141E+01  7.2851E-01 -7.2888E+01  0.0000E+00  2.0601E+02
  0.0000E+00  1.0000E+01  1.6398E+02  1.1841E+00  0.0000E+00  0.0000E+00
  0.0000E+00  0.0000E+00
##          0         113   20190918  160206
##      1    3789                                       


  1.6000E+02 -1.3831E+02  1.5448E+03  1.2363E-02  4.4957E+00 -7.7166E-03
  1.0178E+02  1.0121E+01  7.3807E-01 -7.4278E+01  0.0000E+00  2.0596E+02
  0.0000E+00  1.0000E+01  1.6399E+02  1.1874E+00  0.0000E+00  0.0000E+00
  0.0000E+00  0.0000E+00
  1.6100E+02 -1.4102E+02  1.5545E+03  1.2328E-02  4.5939E+00 -7.8875E-03
  1.0052E+02  1.0100E+01  7.4699E-01 -7.5589E+01  0.0000E+00  2.0590E+02
  0.0000E+00  1.0000E+01  1.6398E+02  1.1804E+00  0.0000E+00  0.0000E+00
  0.0000E+00  0.0000E+00
  1.6200E+02 -1.4352E+02  1.5643E+03  1.2282E-02  4.6872E+00 -8.0607E-03
  9.9247E+01  1.0079E+01  7.5537E-01 -7.6826E+01  0.0000E+00  2.0583E+02
  0.0000E+00  1.0000E+01  1.6399E+02  1.1835E+00  0.0000E+00  0.0000E+00
  0.0000E+00  0.0000E+00
  1.6300E+02 -1.4580E+02  1.5742E+03  1.2197E-02  4.7729E+00 -8.2317E-03
  9.7951E+01  1.0057E+01  7.6330E-01 -7.7995E+01  0.0000E+00  2.0576E+02
  0.0000E+00  1.0000E+01  1.6394E+02  1.1793E+00  0.0000E+00  0.0000E+00
  0.0000E+00  0.0000E+00
  1.6400E+02 -1.4786E+02  1.5840E+03  1.2071E-02  4.8505E+00 -8.5049E-03
  9.6635E+01  1.0034E+01  7.7066E-01 -7.9092E+01  0.0000E+00  2.0568E+02
  0.0000E+00  1.0000E+01  1.6396E+02  1.1804E+00  0.0000E+00  0.0000E+00
  0.0000E+00  0.0000E+00

  1.6500E+02 -1.4970E+02  1.5939E+03  1.1927E-02  4.9197E+00 -8.8517E-03
  9.5301E+01  1.0011E+01  7.7767E-01 -8.0127E+01  0.0000E+00  2.0559E+02
  0.0000E+00  1.0000E+01  1.6390E+02  1.1794E+00  0.0000E+00  0.0000E+00
  0.0000E+00  0.0000E+00
  1.6600E+02 -1.5131E+02  1.6038E+03  1.1795E-02  4.9813E+00 -9.2332E-03
  9.3950E+01  9.9871E+00  7.8413E-01 -8.1095E+01  0.0000E+00  2.0550E+02
  0.0000E+00  1.0000E+01  1.6394E+02  1.1780E+00  0.0000E+00  0.0000E+00
  0.0000E+00  0.0000E+00
  1.6700E+02 -1.5269E+02  1.6137E+03  1.1700E-02  5.0367E+00 -9.5702E-03
  9.2583E+01  9.9635E+00  7.9025E-01 -8.2006E+01  0.0000E+00  2.0541E+02
  0.0000E+00  1.0000E+01  1.6388E+02  1.1773E+00  0.0000E+00  0.0000E+00
  0.0000E+00  0.0000E+00
  1.6800E+02 -1.5384E+02  1.6236E+03  1.1629E-02  5.0872E+00 -9.7959E-03
  9.1201E+01  9.9392E+00  7.9588E-01 -8.2855E+01  0.0000E+00  2.0531E+02
  0.0000E+00  1.0000E+01  1.6393E+02  1.1763E+00  0.0000E+00  0.0000E+00
  0.0000E+00  0.0000E+00
  1.6900E+02 -1.5475E+02  1.6336E+03  1.1558E-02  5.1338E+00 -9.8796E-03
  8.9806E+01  9.9149E+00  8.0119E-01 -8.3651E+01  0.0000E+00  2.0520E+02
  0.0000E+00  1.0000E+01  1.6390E+02  1.1731E+00  0.0000E+00  0.0000E+00
  0.0000E+00  0.0000E+00
##          0         113   20190918  160206
##      1    3789                                       


  1.7000E+02 -1.5543E+02  1.6435E+03  1.1456E-02  5.1773E+00 -9.8620E-03
  8.8397E+01  9.8902E+00  8.0609E-01 -8.4392E+01  0.0000E+00  2.0510E+02
  0.0000E+00  1.0000E+01  1.6394E+02  1.1755E+00  0.0000E+00  0.0000E+00
  0.0000E+00  0.0000E+00
  1.7100E+02 -1.5587E+02  1.6534E+03  1.1310E-02  5.2177E+00 -9.7801E-03
  8.6977E+01  9.8653E+00  8.1068E-01 -8.5083E+01  0.0000E+00  2.0499E+02
  0.0000E+00  1.0000E+01  1.6395E+02  1.1705E+00  0.0000E+00  0.0000E+00
  0.0000E+00  0.0000E+00
  1.7200E+02 -1.5606E+02  1.6633E+03  1.1134E-02  5.2550E+00 -9.7105E-03
  8.5545E+01  9.8405E+00  8.1500E-01 -8.5728E+01  0.0000E+00  2.0487E+02
  0.0000E+00  1.0000E+01  1.6392E+02  1.1705E+00  0.0000E+00  0.0000E+00
  0.0000E+00  0.0000E+00
  1.7300E+02 -1.5602E+02  1.6731E+03  1.0949E-02  5.2887E+00 -9.6823E-03
  8.4103E+01  9.8153E+00  8.1897E-01 -8.6325E+01  0.0000E+00  2.0476E+02
  0.0000E+00  1.0000E+01  1.6395E+02  1.1708E+00  0.0000E+00  0.0000E+00
  0.0000E+00  0.0000E+00
  1.7400E+02 -1.5573E+02  1.6829E+03  1.0779E-02  5.3186E+00 -9.6894E-03
  8.2650E+01  9.7904E+00  8.2272E-01 -8.6881E+01  0.0000E+00  2.0464E+02
  0.0000E+00  1.0000E+01  1.6390E+02  1.1672E+00  0.0000E+00  0.0000E+00
  0.0000E+00  0.0000E+00

  1.7500E+02 -1.5520E+02  1.6927E+03  1.0636E-02  5.3449E+00 -9.7328E-03
  8.1189E+01  9.7654E+00  8.2619E-01 -8.7396E+01  0.0000E+00  2.0453E+02
  0.0000E+00  1.0000E+01  1.6392E+02  1.1670E+00  0.0000E+00  0.0000E+00
  0.0000E+00  0.0000E+00
  1.7600E+02 -1.5443E+02  1.7025E+03  1.0518E-02  5.3678E+00 -9.7782E-03
  7.9720E+01  9.7404E+00  8.2937E-01 -8.7872E+01  0.0000E+00  2.0441E+02
  0.0000E+00  1.0000E+01  1.6395E+02  1.1679E+00  0.0000E+00  0.0000E+00
  0.0000E+00  0.0000E+00
  1.7700E+02 -1.5341E+02  1.7122E+03  1.0114E-02  5.4208E+00 -9.6338E-03
  7.8246E+01  9.7171E+00  8.1950E-01 -8.7733E+01  0.0000E+00  2.0365E+02
  0.0000E+00  5.4000E+00  1.6393E+02  1.1641E+00  0.0000E+00  0.0000E+00
  0.0000E+00  0.0000E+00
  1.7800E+02 -1.5213E+02  1.7219E+03  8.9635E-03  5.6207E+00 -8.0210E-03
  7.6783E+01  9.6929E+00  7.9144E-01 -8.6551E+01  0.0000E+00  1.9889E+02
  0.0000E+00  8.0000E-01  1.6390E+02  1.1624E+00  0.0000E+00  0.0000E+00
  0.0000E+00  0.0000E+00
  1.7900E+02 -1.5058E+02  1.7315E+03  7.9612E-03  5.9572E+00 -3.4917E-03
  7.5347E+01  9.6667E+00  7.5600E-01 -8.4621E+01  0.0000E+00  1.9664E+02
  0.0000E+00 -3.8000E+00  1.6394E+02  1.1670E+00  0.0000E+00  0.0000E+00
  0.0000E+00  0.0000E+00
##          0         113   20190918  160206
##      1    3789                                       


  1.8000E+02 -1.4876E+02  1.7410E+03  6.9990E-03  6.3293E+00  3.4210E-03
  7.3947E+01  9.6397E+00  7.1678E-01 -8.2098E+01  0.0000E+00  1.9561E+02
  0.0000E+00 -8.4000E+00  1.6388E+02  1.1634E+00  0.0000E+00  0.0000E+00
  0.0000E+00  0.0000E+00
  1.8100E+02 -1.4668E+02  1.7504E+03  5.0184E-03  6.6219E+00  9.5478E-03
  7.2592E+01  9.6130E+00  6.7791E-01 -7.9231E+01  0.0000E+00  1.9527E+02
  0.0000E+00 -9.9266E+00  1.6391E+02  1.1601E+00  0.0000E+00  0.0000E+00
  0.0000E+00  0.0000E+00
  1.8200E+02 -1.4436E+02  1.7597E+03  1.7031E-03  6.7183E+00  1.0917E-02
  7.1285E+01  9.5904E+00  6.4492E-01 -7.6371E+01  0.0000E+00  1.9523E+02
  0.0000E+00 -9.9967E+00  1.6392E+02  1.1576E+00  0.0000E+00  0.0000E+00
  0.0000E+00  0.0000E+00
  1.8300E+02 -1.4180E+02  1.7690E+03 -2.1233E-03  6.5712E+00  5.4011E-03
  7.0024E+01  9.5734E+00  6.1540E-01 -7.3524E+01  0.0000E+00  1.9536E+02
  0.0000E+00 -9.9999E+00  1.6392E+02  1.1561E+00  0.0000E+00  0.0000E+00
  0.0000E+00  0.0000E+00
  1.8400E+02 -1.3902E+02  1.7782E+03 -4.7139E-03  6.2208E+00 -5.4443E-03
  6.8812E+01  9.5623E+00  5.8733E-01 -7.0692E+01  0.0000E+00  1.9561E+02
  0.0000E+00 -1.0000E+01  1.6394E+02  1.1564E+00  0.0000E+00  0.0000E+00
  0.0000E+00  0.0000E+00

  1.8500E+02 -1.3603E+02  1.7873E+03 -4.4821E-03  5.7606E+00 -1.6945E-02
  6.7647E+01  9.5566E+00  5.5927E-01 -6.7859E+01  0.0000E+00  1.9594E+02
  0.0000E+00 -1.0000E+01  1.6397E+02  1.1593E+00  0.0000E+00  0.0000E+00
  0.0000E+00  0.0000E+00
  1.8600E+02 -1.3283E+02  1.7963E+03 -1.3089E-03  5.2967E+00 -2.3782E-02
  6.6532E+01  9.5552E+00  5.3050E-01 -6.5002E+01  0.0000E+00  1.9633E+02
  0.0000E+00 -1.0000E+01  1.6388E+02  1.1571E+00  0.0000E+00  0.0000E+00
  0.0000E+00  0.0000E+00
  1.8700E+02 -1.2944E+02  1.8052E+03  3.1322E-03  4.9113E+00 -2.2887E-02
  6.5467E+01  9.5565E+00  5.0124E-01 -6.2108E+01  0.0000E+00  1.9675E+02
  0.0000E+00 -1.0000E+01  1.6382E+02  1.1568E+00  0.0000E+00  0.0000E+00
  0.0000E+00  0.0000E+00
  1.8800E+02 -1.2585E+02  1.8141E+03  6.3029E-03  4.6416E+00 -1.4891E-02
  6.4452E+01  9.5589E+00  4.7237E-01 -5.9182E+01  0.0000E+00  1.9719E+02
  0.0000E+00 -1.0000E+01  1.6389E+02  1.1625E+00  0.0000E+00  0.0000E+00
  0.0000E+00  0.0000E+00
  1.8900E+02 -1.2208E+02  1.8229E+03  6.3774E-03  4.4789E+00 -3.5403E-03
  6.3486E+01  9.5618E+00  4.4483E-01 -5.6240E+01  0.0000E+00  1.9761E+02
  0.0000E+00 -1.0000E+01  1.6385E+02  1.1598E+00  0.0000E+00  0.0000E+00
  0.0000E+00  0.0000E+00
##          0         113   20190918  160206
##      1    3789                                       


  1.9000E+02 -1.1814E+02  1.8316E+03  3.3837E-03  4.3830E+00  6.4031E-03
  6.2570E+01  9.5656E+00  4.1916E-01 -5.3301E+01  0.0000E+00  1.9802E+02
  0.0000E+00 -1.0000E+01  1.6381E+02  1.1579E+00  0.0000E+00  0.0000E+00
  0.0000E+00  0.0000E+00
  1.9100E+02 -1.1404E+02  1.8403E+03 -8.8152E-04  4.3038E+00  1.1552E-02
  6.1702E+01  9.5711E+00  3.9546E-01 -5.0386E+01  0.0000E+00  1.9842E+02
  0.0000E+00 -1.0000E+01  1.6377E+02  1.1595E+00  0.0000E+00  0.0000E+00
  0.0000E+00  0.0000E+00
  1.9200E+02 -1.0979E+02  1.8489E+03 -4.0397E-03  4.2007E+00  1.1259E-02
  6.0883E+01  9.5787E+00  3.7336E-01 -4.7509E+01  0.0000E+00  1.9881E+02
  0.0000E+00 -1.0000E+01  1.6386E+02  1.1620E+00  0.0000E+00  0.0000E+00
  0.0000E+00  0.0000E+00
  1.9300E+02 -1.0540E+02  1.8574E+03 -4.5671E-03  4.0540E+00  7.3853E-03
  6.0111E+01  9.5891E+00  3.5211E-01 -4.4669E+01  0.0000E+00  1.9920E+02
  0.0000E+00 -1.0000E+01  1.6385E+02  1.1593E+00  0.0000E+00  0.0000E+00
  0.0000E+00  0.0000E+00
  1.9400E+02 -1.0087E+02  1.8659E+03 -2.5601E-03  3.8646E+00  2.8783E-03
  5.9387E+01  9.6022E+00  3.3106E-01 -4.1862E+01  0.0000E+00  1.9961E+02
  0.0000E+00 -1.0000E+01  1.6385E+02  1.1586E+00  0.0000E+00  0.0000E+00
  0.0000E+00  0.0000E+00

  1.9500E+02 -9.6215E+01  1.8743E+03  5.4204E-04  3.6492E+00  1.3469E-04
  5.8709E+01  9.6172E+00  3.0919E-01 -3.9117E+01  0.0000E+00  2.0003E+02
  0.0000E+00 -1.0000E+01  1.6391E+02  1.1639E+00  0.0000E+00  0.0000E+00
  0.0000E+00  0.0000E+00
  1.9600E+02 -9.1434E+01  1.8826E+03  2.9777E-03  3.4311E+00  1.8834E-05
  5.8077E+01  9.6333E+00  2.8628E-01 -3.6439E+01  0.0000E+00  2.0045E+02
  0.0000E+00 -1.0000E+01  1.6393E+02  1.1609E+00  0.0000E+00  0.0000E+00
  0.0000E+00  0.0000E+00
  1.9700E+02 -8.6534E+01  1.8909E+03  3.6902E-03  3.2277E+00  1.9295E-03
  5.7490E+01  9.6505E+00  2.6265E-01 -3.3813E+01  0.0000E+00  2.0088E+02
  0.0000E+00 -1.0000E+01  1.6386E+02  1.1604E+00  0.0000E+00  0.0000E+00
  0.0000E+00  0.0000E+00
  1.9800E+02 -8.1522E+01  1.8992E+03  2.7562E-03  3.0462E+00  4.5051E-03
  5.6947E+01  9.6682E+00  2.3885E-01 -3.1238E+01  0.0000E+00  2.0131E+02
  0.0000E+00 -1.0000E+01  1.6392E+02  1.1654E+00  0.0000E+00  0.0000E+00
  0.0000E+00  0.0000E+00
  1.9900E+02 -7.6405E+01  1.9074E+03  1.0977E-03  2.8852E+00  6.5422E-03
  5.6446E+01  9.6866E+00  2.1513E-01 -2.8705E+01  0.0000E+00  2.0174E+02
  0.0000E+00 -1.0000E+01  1.6390E+02  1.1623E+00  0.0000E+00  0.0000E+00
  0.0000E+00  0.0000E+00
##          0         113   20190918  160207
##      1    3789                                       


  2.0000E+02 -7.1189E+01  1.9156E+03 -1.8222E-04  2.7372E+00  7.4673E-03
  5.5987E+01  9.7059E+00  1.9162E-01 -2.6211E+01  0.0000E+00  2.0216E+02
  0.0000E+00 -1.0000E+01  1.6391E+02  1.1640E+00  0.0000E+00  0.0000E+00
  0.0000E+00  0.0000E+00
  2.0100E+02 -6.5879E+01  1.9237E+03 -4.4904E-04  2.5935E+00  7.4541E-03
  5.5569E+01  9.7257E+00  1.6846E-01 -2.3756E+01  0.0000E+00  2.0235E+02
  0.0000E+00 -1.0000E+01  1.6395E+02  1.1656E+00  0.0000E+00  0.0000E+00
  0.0000E+00  0.0000E+00
  2.0200E+02 -6.0482E+01  1.9318E+03  2.4372E-04  2.4482E+00  7.0249E-03
  5.5193E+01  9.7462E+00  1.4492E-01 -2.1329E+01  0.0000E+00  2.0250E+02
  0.0000E+00 -1.0000E+01  1.6389E+02  1.1646E+00  0.0000E+00  0.0000E+00
  0.0000E+00  0.0000E+00
  2.0300E+02 -5.5003E+01  1.9399E+03  1.3532E-03  2.2999E+00  6.6472E-03
  5.4856E+01  9.7667E+00  1.2072E-01 -1.8929E+01  0.0000E+00  2.0266E+02
  0.0000E+00 -1.0000E+01  1.6393E+02  1.1687E+00  0.0000E+00  0.0000E+00
  0.0000E+00  0.0000E+00
  2.0400E+02 -4.9446E+01  1.9479E+03  2.2596E-03  2.1494E+00  6.5872E-03
  5.4560E+01  9.7877E+00  9.5864E-02 -1.6540E+01  0.0000E+00  2.0282E+02
  0.0000E+00 -1.0000E+01  1.6393E+02  1.1657E+00  0.0000E+00  0.0000E+00
  0.0000E+00  0.0000E+00

  2.0500E+02 -4.3817E+01  1.9560E+03  2.6425E-03  1.9967E+00  6.7548E-03
  5.4304E+01  9.8085E+00  7.0520E-02 -1.4161E+01  0.0000E+00  2.0298E+02
  0.0000E+00 -1.0000E+01  1.6396E+02  1.1712E+00  0.0000E+00  0.0000E+00
  0.0000E+00  0.0000E+00
  2.0600E+02 -3.8122E+01  1.9640E+03  2.5444E-03  1.8425E+00  7.0148E-03
  5.4087E+01  9.8294E+00  4.4687E-02 -1.1782E+01  0.0000E+00  2.0314E+02
  0.0000E+00 -1.0000E+01  1.6391E+02  1.1678E+00  0.0000E+00  0.0000E+00
  0.0000E+00  0.0000E+00
  2.0700E+02 -3.2366E+01  1.9719E+03  2.2836E-03  1.6864E+00  7.1500E-03
  5.3910E+01  9.8500E+00  1.8486E-02 -9.4030E+00  0.0000E+00  2.0330E+02
  0.0000E+00 -1.0000E+01  1.6395E+02  1.1728E+00  0.0000E+00  0.0000E+00
  0.0000E+00  0.0000E+00
  2.0800E+02 -2.6554E+01  1.9799E+03  2.1650E-03  1.5288E+00  7.1759E-03
  5.3773E+01  9.8706E+00 -8.1693E-03 -7.0160E+00  0.0000E+00  2.0346E+02
  0.0000E+00 -1.0000E+01  1.6395E+02  1.1692E+00  0.0000E+00  0.0000E+00
  0.0000E+00  0.0000E+00
  2.0900E+02 -2.0691E+01  1.9879E+03  2.3466E-03  1.3691E+00  7.1067E-03
  5.3676E+01  9.8908E+00 -3.5192E-02 -4.6223E+00  0.0000E+00  2.0363E+02
  0.0000E+00 -1.0000E+01  1.6397E+02  1.1739E+00  0.0000E+00  0.0000E+00
  0.0000E+00  0.0000E+00
##          0         113   20190918  160207
##      1    3789                                       


  2.1000E+02 -1.4783E+01  1.9958E+03  2.7564E-03  1.2079E+00  7.0870E-03
  5.3619E+01  9.9110E+00 -6.2718E-02 -2.2150E+00  0.0000E+00  2.0379E+02
  0.0000E+00 -1.0000E+01  1.6395E+02  1.1715E+00  0.0000E+00  0.0000E+00
  0.0000E+00  0.0000E+00
  2.1100E+02 -8.8355E+00  2.0037E+03  3.2315E-03  1.0444E+00  7.1001E-03
  5.3602E+01  9.9304E+00 -9.0549E-02  1.9943E-01  0.0000E+00  2.0395E+02
  0.0000E+00 -1.0000E+01  1.6397E+02  1.1742E+00  0.0000E+00  0.0000E+00
  0.0000E+00  0.0000E+00
  2.1200E+02 -2.8536E+00  2.0117E+03  3.6185E-03  8.7861E-01  7.1304E-03
  5.3625E+01  9.9497E+00 -1.1888E-01  2.6288E+00  0.0000E+00  2.0411E+02
  0.0000E+00 -1.0000E+01  1.6398E+02  1.1798E+00  0.0000E+00  0.0000E+00
  0.0000E+00  0.0000E+00
  2.1300E+02  3.1568E+00  2.0196E+03  3.8665E-03  7.1041E-01  7.1307E-03
  5.3690E+01  9.9681E+00 -1.4743E-01  5.0638E+00  0.0000E+00  2.0427E+02
  0.0000E+00 -1.0000E+01  1.6397E+02  1.1740E+00  0.0000E+00  0.0000E+00
  0.0000E+00  0.0000E+00
  2.1400E+02  9.1899E+00  2.0276E+03  4.0518E-03  5.3901E-01  6.9935E-03
  5.3794E+01  9.9860E+00 -1.7629E-01  7.5069E+00  0.0000E+00  2.0442E+02
  0.0000E+00 -1.0000E+01  1.6398E+02  1.1791E+00  0.0000E+00  0.0000E+00
  0.0000E+00  0.0000E+00

  2.1500E+02  1.5240E+01  2.0355E+03  4.2574E-03  3.6432E-01  6.8096E-03
  5.3940E+01  1.0003E+01 -2.0472E-01  9.9559E+00  0.0000E+00  2.0457E+02
  0.0000E+00 -1.0000E+01  1.6397E+02  1.1758E+00  0.0000E+00  0.0000E+00
  0.0000E+00  0.0000E+00
  2.1600E+02  2.1300E+01  2.0435E+03  4.5652E-03  1.8244E-01  6.5587E-03
  5.4127E+01  1.0019E+01 -2.3209E-01  1.2395E+01  0.0000E+00  2.0472E+02
  0.0000E+00 -1.0000E+01  1.6398E+02  1.1776E+00  0.0000E+00  0.0000E+00
  0.0000E+00  0.0000E+00
  2.1700E+02  2.7362E+01  2.0515E+03  4.9795E-03 -6.8430E-03  6.3063E-03
  5.4354E+01  1.0035E+01 -2.5877E-01  1.4824E+01  0.0000E+00  2.0486E+02
  0.0000E+00 -1.0000E+01  1.6399E+02  1.1824E+00  0.0000E+00  0.0000E+00
  0.0000E+00  0.0000E+00
  2.1800E+02  3.3421E+01  2.0595E+03  5.4273E-03 -2.0035E-01  6.1372E-03
  5.4622E+01  1.0050E+01 -2.8478E-01  1.7233E+01  0.0000E+00  2.0500E+02
  0.0000E+00 -1.0000E+01  1.6399E+02  1.1770E+00  0.0000E+00  0.0000E+00
  0.0000E+00  0.0000E+00
  2.1900E+02  3.9470E+01  2.0676E+03  5.8540E-03 -3.9524E-01  5.9248E-03
  5.4929E+01  1.0063E+01 -3.1012E-01  1.9613E+01  0.0000E+00  2.0513E+02
  0.0000E+00 -1.0000E+01  1.6399E+02  1.1800E+00  0.0000E+00  0.0000E+00
  0.0000E+00  0.0000E+00
##          0         113   20190918  160207
##      1    3789                                       


  2.2000E+02  4.5500E+01  2.0756E+03  6.2138E-03 -5.8716E-01  5.6555E-03
  5.5276E+01  1.0076E+01 -3.3503E-01  2.1967E+01  0.0000E+00  2.0525E+02
  0.0000E+00 -1.0000E+01  1.6400E+02  1.1844E+00  0.0000E+00  0.0000E+00
  0.0000E+00  0.0000E+00
  2.2100E+02  5.1507E+01  2.0837E+03  6.4957E-03 -7.7270E-01  5.3473E-03
  5.5663E+01  1.0087E+01 -3.5938E-01  2.4293E+01  0.0000E+00  2.0537E+02
  0.0000E+00 -1.0000E+01  1.6396E+02  1.1801E+00  0.0000E+00  0.0000E+00
  0.0000E+00  0.0000E+00
  2.2200E+02  5.7482E+01  2.0919E+03  6.7562E-03 -9.5353E-01  4.8819E-03
  5.6088E+01  1.0097E+01 -3.8214E-01  2.6624E+01  0.0000E+00  2.0548E+02
  0.0000E+00 -1.0000E+01  1.6398E+02  1.1810E+00  0.0000E+00  0.0000E+00
  0.0000E+00  0.0000E+00
  2.2300E+02  6.3418E+01  2.1001E+03  7.0598E-03 -1.1331E+00  4.2936E-03
  5.6552E+01  1.0106E+01 -4.0352E-01  2.8970E+01  0.0000E+00  2.0559E+02
  0.0000E+00 -1.0000E+01  1.6399E+02  1.1850E+00  0.0000E+00  0.0000E+00
  0.0000E+00  0.0000E+00
  2.2400E+02  6.9308E+01  2.1083E+03  7.4241E-03 -1.3123E+00  3.7415E-03
  5.7055E+01  1.0114E+01 -4.2381E-01  3.1319E+01  0.0000E+00  2.0569E+02
  0.0000E+00 -1.0000E+01  1.6399E+02  1.1833E+00  0.0000E+00  0.0000E+00
  0.0000E+00  0.0000E+00

  2.2500E+02  7.5143E+01  2.1166E+03  7.8353E-03 -1.4919E+00  3.2318E-03
  5.7598E+01  1.0121E+01 -4.4300E-01  3.3651E+01  0.0000E+00  2.0577E+02
  0.0000E+00 -1.0000E+01  1.6399E+02  1.1811E+00  0.0000E+00  0.0000E+00
  0.0000E+00  0.0000E+00
  2.2600E+02  8.0917E+01  2.1249E+03  8.2538E-03 -1.6712E+00  2.7414E-03
  5.8179E+01  1.0126E+01 -4.6148E-01  3.5966E+01  0.0000E+00  2.0585E+02
  0.0000E+00 -1.0000E+01  1.6400E+02  1.1849E+00  0.0000E+00  0.0000E+00
  0.0000E+00  0.0000E+00
  2.2700E+02  8.6621E+01  2.1333E+03  8.6130E-03 -1.8474E+00  2.3179E-03
  5.8799E+01  1.0130E+01 -4.7940E-01  3.8261E+01  0.0000E+00  2.0593E+02
  0.0000E+00 -1.0000E+01  1.6400E+02  1.1883E+00  0.0000E+00  0.0000E+00
  0.0000E+00  0.0000E+00
  2.2800E+02  9.2249E+01  2.1417E+03  8.8827E-03 -2.0189E+00  1.9006E-03
  5.9457E+01  1.0133E+01 -4.9666E-01  4.0523E+01  0.0000E+00  2.0599E+02
  0.0000E+00 -1.0000E+01  1.6398E+02  1.1811E+00  0.0000E+00  0.0000E+00
  0.0000E+00  0.0000E+00
  2.2900E+02  9.7793E+01  2.1502E+03  9.1083E-03 -2.1858E+00  1.3329E-03
  6.0153E+01  1.0134E+01 -5.1335E-01  4.2750E+01  0.0000E+00  2.0605E+02
  0.0000E+00 -1.0000E+01  1.6399E+02  1.1841E+00  0.0000E+00  0.0000E+00
  0.0000E+00  0.0000E+00
##          0         113   20190918  160207
##      1    3789                                       


  2.3000E+02  1.0325E+02  2.1588E+03  9.3333E-03 -2.3469E+00  6.8291E-04
  6.0885E+01  1.0134E+01 -5.2966E-01  4.4945E+01  0.0000E+00  2.0610E+02
  0.0000E+00 -1.0000E+01  1.6399E+02  1.1876E+00  0.0000E+00  0.0000E+00
  0.0000E+00  0.0000E+00
  2.3100E+02  1.0860E+02  2.1674E+03  9.5797E-03 -2.5022E+00  3.8039E-05
  6.1655E+01  1.0133E+01 -5.4549E-01  4.7101E+01  0.0000E+00  2.0614E+02
  0.0000E+00 -1.0000E+01  1.6399E+02  1.1812E+00  0.0000E+00  0.0000E+00
  0.0000E+00  0.0000E+00
  2.3200E+02  1.1385E+02  2.1761E+03  9.8668E-03 -2.6533E+00 -6.4731E-04
  6.2459E+01  1.0130E+01 -5.6079E-01  4.9213E+01  0.0000E+00  2.0616E+02
  0.0000E+00 -1.0000E+01  1.6399E+02  1.1833E+00  0.0000E+00  0.0000E+00
  0.0000E+00  0.0000E+00
  2.3300E+02  1.1899E+02  2.1848E+03  1.0171E-02 -2.8004E+00 -1.2825E-03
  6.3299E+01  1.0126E+01 -5.7575E-01  5.1285E+01  0.0000E+00  2.0620E+02
  0.0000E+00 -1.0000E+01  1.6400E+02  1.1869E+00  0.0000E+00  0.0000E+00
  0.0000E+00  0.0000E+00
  2.3400E+02  1.2400E+02  2.1936E+03  1.0441E-02 -2.9436E+00 -1.7888E-03
  6.4174E+01  1.0121E+01 -5.9030E-01  5.3314E+01  0.0000E+00  2.0626E+02
  0.0000E+00 -1.0000E+01  1.6399E+02  1.1807E+00  0.0000E+00  0.0000E+00
  0.0000E+00  0.0000E+00

  2.3500E+02  1.2889E+02  2.2025E+03  1.0661E-02 -3.0839E+00 -2.2722E-03
  6.5081E+01  1.0114E+01 -6.0440E-01  5.5295E+01  0.0000E+00  2.0631E+02
  0.0000E+00 -1.0000E+01  1.6400E+02  1.1829E+00  0.0000E+00  0.0000E+00
  0.0000E+00  0.0000E+00
  2.3600E+02  1.3365E+02  2.2114E+03  1.0832E-02 -3.2207E+00 -2.7242E-03
  6.6022E+01  1.0106E+01 -6.1825E-01  5.7235E+01  0.0000E+00  2.0635E+02
  0.0000E+00 -1.0000E+01  1.6400E+02  1.1866E+00  0.0000E+00  0.0000E+00
  0.0000E+00  0.0000E+00
  2.3700E+02  1.3827E+02  2.2204E+03  1.0960E-02 -3.3533E+00 -3.1508E-03
  6.6995E+01  1.0097E+01 -6.3170E-01  5.9129E+01  0.0000E+00  2.0638E+02
  0.0000E+00 -1.0000E+01  1.6399E+02  1.1798E+00  0.0000E+00  0.0000E+00
  0.0000E+00  0.0000E+00
  2.3800E+02  1.4274E+02  2.2295E+03  1.1087E-02 -3.4822E+00 -3.6569E-03
  6.8000E+01  1.0087E+01 -6.4481E-01  6.0977E+01  0.0000E+00  2.0639E+02
  0.0000E+00 -1.0000E+01  1.6399E+02  1.1830E+00  0.0000E+00  0.0000E+00
  0.0000E+00  0.0000E+00
  2.3900E+02  1.4705E+02  2.2387E+03  1.1225E-02 -3.6066E+00 -4.1661E-03
  6.9035E+01  1.0075E+01 -6.5770E-01  6.2784E+01  0.0000E+00  2.0641E+02
  0.0000E+00 -1.0000E+01  1.6397E+02  1.1817E+00  0.0000E+00  0.0000E+00
  0.0000E+00  0.0000E+00
##          0         113   20190918  160207
##      1    3789                                       


  2.4000E+02  1.5121E+02  2.2478E+03  1.1374E-02 -3.7266E+00 -4.6902E-03
  7.0100E+01  1.0063E+01 -6.7013E-01  6.4541E+01  0.0000E+00  2.0640E+02
  0.0000E+00 -1.0000E+01  1.6398E+02  1.1798E+00  0.0000E+00  0.0000E+00
  0.0000E+00  0.0000E+00
  2.4100E+02  1.5520E+02  2.2571E+03  1.1532E-02 -3.8425E+00 -5.2218E-03
  7.1194E+01  1.0049E+01 -6.8235E-01  6.6256E+01  0.0000E+00  2.0640E+02
  0.0000E+00 -1.0000E+01  1.6399E+02  1.1839E+00  0.0000E+00  0.0000E+00
  0.0000E+00  0.0000E+00
  2.4200E+02  1.5902E+02  2.2664E+03  1.1670E-02 -3.9538E+00 -5.6944E-03
  7.2317E+01  1.0034E+01 -6.9421E-01  6.7925E+01  0.0000E+00  2.0638E+02
  0.0000E+00 -1.0000E+01  1.6396E+02  1.1776E+00  0.0000E+00  0.0000E+00
  0.0000E+00  0.0000E+00
  2.4300E+02  1.6266E+02  2.2758E+03  1.1786E-02 -4.0616E+00 -6.1698E-03
  7.3467E+01  1.0018E+01 -7.0568E-01  6.9543E+01  0.0000E+00  2.0635E+02
  0.0000E+00 -1.0000E+01  1.6398E+02  1.1813E+00  0.0000E+00  0.0000E+00
  0.0000E+00  0.0000E+00
  2.4400E+02  1.6611E+02  2.2852E+03  1.1857E-02 -4.1666E+00 -6.5564E-03
  7.4645E+01  1.0001E+01 -7.1638E-01  7.1085E+01  0.0000E+00  2.0632E+02
  0.0000E+00 -1.0000E+01  1.6395E+02  1.1761E+00  0.0000E+00  0.0000E+00
  0.0000E+00  0.0000E+00

  2.4500E+02  1.6938E+02  2.2947E+03  1.1891E-02 -4.2705E+00 -6.8681E-03
  7.5847E+01  9.9834E+00 -7.2632E-01  7.2544E+01  0.0000E+00  2.0627E+02
  0.0000E+00 -1.0000E+01  1.6397E+02  1.1793E+00  0.0000E+00  0.0000E+00
  0.0000E+00  0.0000E+00
  2.4600E+02  1.7244E+02  2.3042E+03  1.1888E-02 -4.3717E+00 -7.0531E-03
  7.7073E+01  9.9647E+00 -7.3568E-01  7.3927E+01  0.0000E+00  2.0622E+02
  0.0000E+00 -1.0000E+01  1.6395E+02  1.1744E+00  0.0000E+00  0.0000E+00
  0.0000E+00  0.0000E+00
  2.4700E+02  1.7531E+02  2.3138E+03  1.1850E-02 -4.4685E+00 -7.2080E-03
  7.8322E+01  9.9451E+00 -7.4446E-01  7.5235E+01  0.0000E+00  2.0616E+02
  0.0000E+00 -1.0000E+01  1.6397E+02  1.1779E+00  0.0000E+00  0.0000E+00
  0.0000E+00  0.0000E+00
  2.4800E+02  1.7797E+02  2.3234E+03  1.1766E-02 -4.5586E+00 -7.3756E-03
  7.9592E+01  9.9248E+00 -7.5272E-01  7.6471E+01  0.0000E+00  2.0609E+02
  0.0000E+00 -1.0000E+01  1.6398E+02  1.1726E+00  0.0000E+00  0.0000E+00
  0.0000E+00  0.0000E+00
  2.4900E+02  1.8042E+02  2.3330E+03  1.1651E-02 -4.6408E+00 -7.6490E-03
  8.0883E+01  9.9040E+00 -7.6054E-01  7.7639E+01  0.0000E+00  2.0602E+02
  0.0000E+00 -1.0000E+01  1.6399E+02  1.1774E+00  0.0000E+00  0.0000E+00
  0.0000E+00  0.0000E+00
##          0         113   20190918  160207
##      1    3789                                       


  2.5000E+02  1.8266E+02  2.3427E+03  1.1522E-02 -4.7145E+00 -8.0064E-03
  8.2193E+01  9.8824E+00 -7.6784E-01  7.8739E+01  0.0000E+00  2.0593E+02
  0.0000E+00 -1.0000E+01  1.6395E+02  1.1721E+00  0.0000E+00  0.0000E+00
  0.0000E+00  0.0000E+00
  2.5100E+02  1.8468E+02  2.3524E+03  1.1413E-02 -4.7805E+00 -8.4210E-03
  8.3521E+01  9.8606E+00 -7.7474E-01  7.9776E+01  0.0000E+00  2.0585E+02
  0.0000E+00 -1.0000E+01  1.6397E+02  1.1694E+00  0.0000E+00  0.0000E+00
  0.0000E+00  0.0000E+00
  2.5200E+02  1.8648E+02  2.3621E+03  1.1340E-02 -4.8399E+00 -8.8190E-03
  8.4866E+01  9.8382E+00 -7.8117E-01  8.0750E+01  0.0000E+00  2.0576E+02
  0.0000E+00 -1.0000E+01  1.6398E+02  1.1725E+00  0.0000E+00  0.0000E+00
  0.0000E+00  0.0000E+00
  2.5300E+02  1.8805E+02  2.3718E+03  1.1291E-02 -4.8938E+00 -9.1001E-03
  8.6226E+01  9.8155E+00 -7.8719E-01  8.1665E+01  0.0000E+00  2.0566E+02
  0.0000E+00 -1.0000E+01  1.6396E+02  1.1681E+00  0.0000E+00  0.0000E+00
  0.0000E+00  0.0000E+00
  2.5400E+02  1.8939E+02  2.3815E+03  1.1239E-02 -4.9436E+00 -9.2469E-03
  8.7602E+01  9.7926E+00 -7.9286E-01  8.2525E+01  0.0000E+00  2.0556E+02
  0.0000E+00 -1.0000E+01  1.6389E+02  1.1686E+00  0.0000E+00  0.0000E+00
  0.0000E+00  0.0000E+00

  2.5500E+02  1.9050E+02  2.3913E+03  1.1152E-02 -4.9900E+00 -9.2680E-03
  8.8992E+01  9.7692E+00 -7.9812E-01  8.3328E+01  0.0000E+00  2.0546E+02
  0.0000E+00 -1.0000E+01  1.6393E+02  1.1693E+00  0.0000E+00  0.0000E+00
  0.0000E+00  0.0000E+00
  2.5600E+02  1.9138E+02  2.4010E+03  1.1019E-02 -5.0333E+00 -9.2196E-03
  9.0395E+01  9.7456E+00 -8.0305E-01  8.4080E+01  0.0000E+00  2.0536E+02
  0.0000E+00 -1.0000E+01  1.6395E+02  1.1652E+00  0.0000E+00  0.0000E+00
  0.0000E+00  0.0000E+00
  2.5700E+02  1.9203E+02  2.4108E+03  1.0854E-02 -5.0735E+00 -9.1709E-03
  9.1810E+01  9.7219E+00 -8.0770E-01  8.4783E+01  0.0000E+00  2.0525E+02
  0.0000E+00 -1.0000E+01  1.6393E+02  1.1634E+00  0.0000E+00  0.0000E+00
  0.0000E+00  0.0000E+00
  2.5800E+02  1.9244E+02  2.4205E+03  1.0684E-02 -5.1104E+00 -9.1658E-03
  9.3236E+01  9.6980E+00 -8.1204E-01  8.5438E+01  0.0000E+00  2.0514E+02
  0.0000E+00 -1.0000E+01  1.6396E+02  1.1677E+00  0.0000E+00  0.0000E+00
  0.0000E+00  0.0000E+00
  2.5900E+02  1.9261E+02  2.4302E+03  1.0530E-02 -5.1437E+00 -9.1992E-03
  9.4673E+01  9.6739E+00 -8.1608E-01  8.6049E+01  0.0000E+00  2.0502E+02
  0.0000E+00 -1.0000E+01  1.6392E+02  1.1639E+00  0.0000E+00  0.0000E+00
  0.0000E+00  0.0000E+00
##          0         113   20190918  160207
##      1    3789                                       


  2.6000E+02  1.9255E+02  2.4399E+03  1.0403E-02 -5.1732E+00 -9.2567E-03
  9.6120E+01  9.6498E+00 -8.1988E-01  8.6618E+01  0.0000E+00  2.0491E+02
  0.0000E+00 -1.0000E+01  1.6386E+02  1.1613E+00  0.0000E+00  0.0000E+00
  0.0000E+00  0.0000E+00
  2.6100E+02  1.9224E+02  2.4496E+03  1.0296E-02 -5.1992E+00 -9.3213E-03
  9.7577E+01  9.6257E+00 -8.2340E-01  8.7147E+01  0.0000E+00  2.0479E+02
  0.0000E+00 -1.0000E+01  1.6391E+02  1.1592E+00  0.0000E+00  0.0000E+00
  0.0000E+00  0.0000E+00
  2.6200E+02  1.9170E+02  2.4592E+03  1.0199E-02 -5.2221E+00 -9.3718E-03
  9.9042E+01  9.6015E+00 -8.2666E-01  8.7637E+01  0.0000E+00  2.0468E+02
  0.0000E+00 -1.0000E+01  1.6391E+02  1.1588E+00  0.0000E+00  0.0000E+00
  0.0000E+00  0.0000E+00
