##          0         122   20190918  160221
##      1    3789                                       


  0.0000E+00  0.0000E+00  0.0000E+00  0.0000E+00  0.0000E+00  0.0000E+00
  0.0000E+00  0.0000E+00  0.0000E+00  0.0000E+00  0.0000E+00  1.3462E+02
  0.0000E+00  0.0000E+00  1.2100E+02  5.5000E-01  0.0000E+00  0.0000E+00
  0.0000E+00  0.0000E+00
  5.0000E+00  5.3249E-01 -2.1761E-02 -1.8691E-02  2.5258E-01  5.7226E-02
  3.8436E-02  1.9820E-01 -1.2315E-02  1.2162E+00  0.0000E+00  1.3462E+02
  0.0000E+00 -2.3920E+01  1.2100E+02  5.5000E-01  0.0000E+00  0.0000E+00
  0.0000E+00  0.0000E+00
  1.0000E+01  1.9370E+00 -1.3614E-01 -1.2483E-02  2.8729E-01  1.8228E-02
  2.2033E-01  3.6649E-01 -3.4703E-02  3.1800E+00  0.0000E+00  1.3462E+02
  0.0000E+00 -3.5000E+01  1.2100E+02  5.5000E-01  0.0000E+00  0.0000E+00
  0.0000E+00  0.0000E+00
  1.5000E+01  4.1920E+00 -3.4601E-01 -5.0199E-03  1.8861E-01  3.6407E-02
  5.7309E-01  5.2976E-01 -5.4929E-02  5.2792E+00  0.0000E+00  1.3462E+02
  0.0000E+00 -3.5000E+01  1.2100E+02  5.5000E-01  0.0000E+00  0.0000E+00
  0.0000E+00  0.0000E+00
  2.0000E+01  7.2124E+00 -6.2585E-01 -1.0113E-02  2.7555E-01  2.1770E-02
  1.1006E+00  6.7746E-01 -7.4093E-02  7.3571E+00  0.0000E+00  1.3462E+02
  0.0000E+00 -3.5000E+01  1.2100E+02  5.5000E-01  0.0000E+00  0.0000E+00
  0.0000E+00  0.0000E+00

  2.5000E+01  1.0975E+01 -9.4397E-01  1.2424E-03  1.4923E-01  2.7818E-02
  1.8024E+00  8.2054E-01 -9.0158E-02  9.4639E+00  0.0000E+00  1.3462E+02
  0.0000E+00 -3.5000E+01  1.2100E+02  5.5000E-01  0.0000E+00  0.0000E+00
  0.0000E+00  0.0000E+00
  3.0000E+01  1.5418E+01 -1.2583E+00 -1.3968E-02  2.0928E-01  2.2382E-02
  2.6794E+00  9.5026E-01 -1.0408E-01  1.1537E+01  0.0000E+00  1.3462E+02
  0.0000E+00 -3.5000E+01  1.2100E+02  5.5000E-01  0.0000E+00  0.0000E+00
  0.0000E+00  0.0000E+00
  3.5000E+01  2.0508E+01 -1.5270E+00  6.6302E-03  1.2019E-01  2.2132E-02
  3.7270E+00  1.0741E+00 -1.1566E-01  1.3557E+01  0.0000E+00  1.3462E+02
  0.0000E+00 -3.5000E+01  1.2100E+02  5.5000E-01  0.0000E+00  0.0000E+00
  0.0000E+00  0.0000E+00
  4.0000E+01  2.6189E+01 -1.7037E+00  4.0755E-03  1.3098E-01  1.7051E-02
  4.9405E+00  1.1862E+00 -1.2528E-01  1.5499E+01  0.0000E+00  1.3462E+02
  0.0000E+00 -3.5000E+01  1.2100E+02  5.5000E-01  0.0000E+00  0.0000E+00
  0.0000E+00  0.0000E+00
  4.5000E+01  3.2424E+01 -1.7434E+00  1.2102E-02  8.4050E-02  1.7307E-02
  6.3113E+00  1.2922E+00 -1.3333E-01  1.7326E+01  0.0000E+00  1.3462E+02
  0.0000E+00 -3.5000E+01  1.2100E+02  5.5000E-01  0.0000E+00  0.0000E+00
  0.0000E+00  0.0000E+00
##          0         122   20190918  160222
##      1    3789                                       


  5.0000E+01  3.9159E+01 -1.6000E+00  1.1052E-02  5.9575E-02  1.4339E-02
  7.8297E+00  1.3876E+00 -1.3960E-01  1.9033E+01  0.0000E+00  1.3462E+02
  0.0000E+00 -3.5000E+01  1.2100E+02  5.5000E-01  0.0000E+00  0.0000E+00
  0.0000E+00  0.0000E+00
  5.5000E+01  4.6349E+01 -1.2290E+00  1.7429E-02  3.7192E-02  1.3164E-02
  9.4846E+00  1.4770E+00 -1.4462E-01  2.0593E+01  0.0000E+00  1.3462E+02
  0.0000E+00 -3.5000E+01  1.2100E+02  5.5000E-01  0.0000E+00  0.0000E+00
  0.0000E+00  0.0000E+00
  6.0000E+01  5.3946E+01 -5.8840E-01  1.7435E-02  1.7254E-03  1.1733E-02
  1.1264E+01  1.5574E+00 -1.4835E-01  2.2016E+01  0.0000E+00  1.3462E+02
  0.0000E+00 -3.5000E+01  1.2100E+02  5.5000E-01  0.0000E+00  0.0000E+00
  0.0000E+00  0.0000E+00
  6.5000E+01  6.1901E+01  3.6086E-01  2.2338E-02 -1.2307E-02  9.9057E-03
  1.3156E+01  1.6324E+00 -1.5123E-01  2.3290E+01  0.0000E+00  1.3462E+02
  0.0000E+00 -3.5000E+01  1.2100E+02  5.5000E-01  0.0000E+00  0.0000E+00
  0.0000E+00  0.0000E+00
  7.0000E+01  7.0168E+01  1.6538E+00  2.3115E-02 -4.4384E-02  9.2538E-03
  1.5148E+01  1.7000E+00 -1.5332E-01  2.4427E+01  0.0000E+00  1.3462E+02
  0.0000E+00 -3.5000E+01  1.2100E+02  5.5000E-01  0.0000E+00  0.0000E+00
  0.0000E+00  0.0000E+00

  7.5000E+01  7.8700E+01  3.3216E+00  2.6790E-02 -5.7651E-02  7.4256E-03
  1.7230E+01  1.7629E+00 -1.5491E-01  2.5431E+01  0.0000E+00  1.3462E+02
  0.0000E+00 -3.5000E+01  1.2100E+02  5.5000E-01  0.0000E+00  0.0000E+00
  0.0000E+00  0.0000E+00
  8.0000E+01  8.7451E+01  5.3911E+00  2.8064E-02 -8.1950E-02  6.9981E-03
  1.9390E+01  1.8200E+00 -1.5610E-01  2.6311E+01  0.0000E+00  1.3462E+02
  0.0000E+00 -3.5000E+01  1.2100E+02  5.5000E-01  0.0000E+00  0.0000E+00
  0.0000E+00  0.0000E+00
  8.5000E+01  9.6375E+01  7.8852E+00  3.0826E-02 -9.6094E-02  5.4983E-03
  2.1619E+01  1.8728E+00 -1.5700E-01  2.7077E+01  0.0000E+00  1.3462E+02
  0.0000E+00 -3.5000E+01  1.2100E+02  5.5000E-01  0.0000E+00  0.0000E+00
  0.0000E+00  0.0000E+00
  9.0000E+01  1.0543E+02  1.0823E+01  3.2328E-02 -1.1351E-01  5.0517E-03
  2.3908E+01  1.9212E+00 -1.5768E-01  2.7739E+01  0.0000E+00  1.3462E+02
  0.0000E+00 -3.5000E+01  1.2100E+02  5.5000E-01  0.0000E+00  0.0000E+00
  0.0000E+00  0.0000E+00
  9.5000E+01  1.1457E+02  1.4220E+01  3.4474E-02 -1.2718E-01  3.9322E-03
  2.6248E+01  1.9659E+00 -1.5821E-01  2.8310E+01  0.0000E+00  1.3462E+02
  0.0000E+00 -3.5000E+01  1.2100E+02  5.5000E-01  0.0000E+00  0.0000E+00
  0.0000E+00  0.0000E+00
##          0         122   20190918  160222
##      1    3789                                       


  1.0000E+02  1.2375E+02  1.8087E+01  3.6004E-02 -1.4000E-01  3.4355E-03
  2.8632E+01  2.0072E+00 -1.5865E-01  2.8800E+01  0.0000E+00  1.3462E+02
  0.0000E+00 -3.5000E+01  1.2100E+02  5.5000E-01  0.0000E+00  0.0000E+00
  0.0000E+00  0.0000E+00
  1.0500E+02  1.3294E+02  2.2432E+01  3.7754E-02 -1.5189E-01  2.6102E-03
  3.1054E+01  2.0453E+00 -1.5903E-01  2.9221E+01  0.0000E+00  1.3462E+02
  0.0000E+00 -3.5000E+01  1.2100E+02  5.5000E-01  0.0000E+00  0.0000E+00
  0.0000E+00  0.0000E+00
  1.1000E+02  1.4209E+02  2.7260E+01  3.9197E-02 -1.6204E-01  2.1085E-03
  3.3509E+01  2.0806E+00 -1.5936E-01  2.9583E+01  0.0000E+00  1.3462E+02
  0.0000E+00 -3.5000E+01  1.2100E+02  5.5000E-01  0.0000E+00  0.0000E+00
  0.0000E+00  0.0000E+00
  1.1500E+02  1.5116E+02  3.2574E+01  4.0685E-02 -1.7198E-01  1.4742E-03
  3.5991E+01  2.1134E+00 -1.5966E-01  2.9893E+01  0.0000E+00  1.3462E+02
  0.0000E+00 -3.5000E+01  1.2100E+02  5.5000E-01  0.0000E+00  0.0000E+00
  0.0000E+00  0.0000E+00
  1.2000E+02  1.6013E+02  3.8372E+01  4.1996E-02 -1.8047E-01  1.0087E-03
  3.8498E+01  2.1438E+00 -1.5991E-01  3.0160E+01  0.0000E+00  1.3462E+02
  0.0000E+00 -3.5000E+01  1.2100E+02  5.5000E-01  0.0000E+00  0.0000E+00
  0.0000E+00  0.0000E+00

  1.2500E+02  1.6894E+02  4.4650E+01  4.3292E-02 -1.8865E-01  4.9685E-04
  4.1026E+01  2.1721E+00 -1.6012E-01  3.0391E+01  0.0000E+00  1.3462E+02
  0.0000E+00 -3.5000E+01  1.2100E+02  5.5000E-01  0.0000E+00  0.0000E+00
  0.0000E+00  0.0000E+00
  1.3000E+02  1.7756E+02  5.1404E+01  4.4466E-02 -1.9589E-01  8.5589E-05
  4.3571E+01  2.1985E+00 -1.6027E-01  3.0590E+01  0.0000E+00  1.3462E+02
  0.0000E+00 -3.5000E+01  1.2100E+02  5.5000E-01  0.0000E+00  0.0000E+00
  0.0000E+00  0.0000E+00
  1.3500E+02  1.8597E+02  5.8624E+01  4.5607E-02 -2.0265E-01 -3.4124E-04
  4.6132E+01  2.2231E+00 -1.6036E-01  3.0762E+01  0.0000E+00  1.3462E+02
  0.0000E+00 -3.5000E+01  1.2100E+02  5.5000E-01  0.0000E+00  0.0000E+00
  0.0000E+00  0.0000E+00
  1.4000E+02  1.9413E+02  6.6301E+01  4.6656E-02 -2.0883E-01 -6.9805E-04
  4.8706E+01  2.2461E+00 -1.6040E-01  3.0912E+01  0.0000E+00  1.3462E+02
  0.0000E+00 -3.5000E+01  1.2100E+02  5.5000E-01  0.0000E+00  0.0000E+00
  0.0000E+00  0.0000E+00
  1.4500E+02  2.0200E+02  7.4422E+01  4.7666E-02 -2.1447E-01 -1.0600E-03
  5.1292E+01  2.2676E+00 -1.6037E-01  3.1041E+01  0.0000E+00  1.3462E+02
  0.0000E+00 -3.5000E+01  1.2100E+02  5.5000E-01  0.0000E+00  0.0000E+00
  0.0000E+00  0.0000E+00
##          0         122   20190918  160222
##      1    3789                                       


  1.5000E+02  2.0957E+02  8.2974E+01  4.8604E-02 -2.1971E-01 -1.3682E-03
  5.3888E+01  2.2877E+00 -1.6029E-01  3.1154E+01  0.0000E+00  1.3462E+02
  0.0000E+00 -3.5000E+01  1.2100E+02  5.5000E-01  0.0000E+00  0.0000E+00
  0.0000E+00  0.0000E+00
  1.5500E+02  2.1679E+02  9.1940E+01  4.9503E-02 -2.2453E-01 -1.6761E-03
  5.6493E+01  2.3066E+00 -1.6015E-01  3.1249E+01  0.0000E+00  1.3462E+02
  0.0000E+00 -3.5000E+01  1.2100E+02  5.5000E-01  0.0000E+00  0.0000E+00
  0.0000E+00  0.0000E+00
  1.6000E+02  2.2364E+02  1.0130E+02  5.0344E-02 -2.2909E-01 -1.9372E-03
  5.9104E+01  2.3244E+00 -1.5995E-01  3.1321E+01  0.0000E+00  1.3462E+02
  0.0000E+00 -3.5000E+01  1.2100E+02  5.5000E-01  0.0000E+00  0.0000E+00
  0.0000E+00  0.0000E+00
  1.6500E+02  2.3010E+02  1.1105E+02  5.1146E-02 -2.3300E-01 -2.1948E-03
  6.1721E+01  2.3413E+00 -1.5968E-01  3.1374E+01  0.0000E+00  1.3462E+02
  0.0000E+00 -3.5000E+01  1.2100E+02  5.5000E-01  0.0000E+00  0.0000E+00
  0.0000E+00  0.0000E+00
  1.7000E+02  2.3615E+02  1.2115E+02  5.1906E-02 -2.3667E-01 -2.4130E-03
  6.4341E+01  2.3572E+00 -1.5934E-01  3.1410E+01  0.0000E+00  1.3462E+02
  0.0000E+00 -3.5000E+01  1.2100E+02  5.5000E-01  0.0000E+00  0.0000E+00
  0.0000E+00  0.0000E+00

  1.7500E+02  2.4176E+02  1.3159E+02  5.2630E-02 -2.3987E-01 -2.6271E-03
  6.6964E+01  2.3723E+00 -1.5892E-01  3.1431E+01  0.0000E+00  1.3462E+02
  0.0000E+00 -3.5000E+01  1.2100E+02  5.5000E-01  0.0000E+00  0.0000E+00
  0.0000E+00  0.0000E+00
  1.8000E+02  2.4691E+02  1.4234E+02  5.3324E-02 -2.4281E-01 -2.8127E-03
  6.9588E+01  2.3868E+00 -1.5844E-01  3.1440E+01  0.0000E+00  1.3462E+02
  0.0000E+00 -3.5000E+01  1.2100E+02  5.5000E-01  0.0000E+00  0.0000E+00
  0.0000E+00  0.0000E+00
  1.8500E+02  2.5158E+02  1.5339E+02  5.3988E-02 -2.4542E-01 -2.9905E-03
  7.2213E+01  2.4006E+00 -1.5789E-01  3.1437E+01  0.0000E+00  1.3462E+02
  0.0000E+00 -3.5000E+01  1.2100E+02  5.5000E-01  0.0000E+00  0.0000E+00
  0.0000E+00  0.0000E+00
  1.9000E+02  2.5576E+02  1.6470E+02  5.4629E-02 -2.4777E-01 -3.1495E-03
  7.4836E+01  2.4139E+00 -1.5728E-01  3.1424E+01  0.0000E+00  1.3462E+02
  0.0000E+00 -3.5000E+01  1.2100E+02  5.5000E-01  0.0000E+00  0.0000E+00
  0.0000E+00  0.0000E+00
  1.9500E+02  2.5943E+02  1.7626E+02  5.5245E-02 -2.4988E-01 -3.2993E-03
  7.7459E+01  2.4267E+00 -1.5660E-01  3.1401E+01  0.0000E+00  1.3462E+02
  0.0000E+00 -3.5000E+01  1.2100E+02  5.5000E-01  0.0000E+00  0.0000E+00
  0.0000E+00  0.0000E+00
##          0         122   20190918  160222
##      1    3789                                       


  2.0000E+02  2.6258E+02  1.8803E+02  5.5844E-02 -2.5177E-01 -3.4353E-03
  8.0079E+01  2.4390E+00 -1.5587E-01  3.1371E+01  0.0000E+00  1.3462E+02
  0.0000E+00 -3.5000E+01  1.2100E+02  5.5000E-01  0.0000E+00  0.0000E+00
  0.0000E+00  0.0000E+00
  2.0500E+02  2.6519E+02  2.0000E+02  5.6424E-02 -2.5346E-01 -3.5626E-03
  8.2696E+01  2.4510E+00 -1.5507E-01  3.1332E+01  0.0000E+00  1.3462E+02
  0.0000E+00 -3.5000E+01  1.2100E+02  5.5000E-01  0.0000E+00  0.0000E+00
  0.0000E+00  0.0000E+00
  2.1000E+02  2.6725E+02  2.1213E+02  5.6990E-02 -2.5495E-01 -3.6789E-03
  8.5309E+01  2.4627E+00 -1.5423E-01  3.1286E+01  0.0000E+00  1.3462E+02
  0.0000E+00 -3.5000E+01  1.2100E+02  5.5000E-01  0.0000E+00  0.0000E+00
  0.0000E+00  0.0000E+00
  2.1500E+02  2.6876E+02  2.2441E+02  5.7541E-02 -2.5614E-01 -3.7731E-03
  8.7919E+01  2.4741E+00 -1.5333E-01  3.1235E+01  0.0000E+00  1.3462E+02
  0.0000E+00 -3.5000E+01  1.2100E+02  5.5000E-01  0.0000E+00  0.0000E+00
  0.0000E+00  0.0000E+00
  2.2000E+02  2.6970E+02  2.3679E+02  5.8080E-02 -2.5716E-01 -3.8505E-03
  9.0524E+01  2.4854E+00 -1.5240E-01  3.1179E+01  0.0000E+00  1.3462E+02
  0.0000E+00 -3.5000E+01  1.2100E+02  5.5000E-01  0.0000E+00  0.0000E+00
  0.0000E+00  0.0000E+00

  2.2500E+02  2.7008E+02  2.4926E+02  5.8622E-02 -2.5817E-01 -3.9304E-03
  9.3124E+01  2.4966E+00 -1.5143E-01  3.1119E+01  0.0000E+00  1.3462E+02
  0.0000E+00 -3.5000E+01  1.2100E+02  5.5000E-01  0.0000E+00  0.0000E+00
  0.0000E+00  0.0000E+00
  2.3000E+02  2.6987E+02  2.6179E+02  5.9158E-02 -2.5901E-01 -4.0035E-03
  9.5719E+01  2.5077E+00 -1.5042E-01  3.1055E+01  0.0000E+00  1.3462E+02
  0.0000E+00 -3.5000E+01  1.2100E+02  5.5000E-01  0.0000E+00  0.0000E+00
  0.0000E+00  0.0000E+00
  2.3500E+02  2.6910E+02  2.7436E+02  5.9694E-02 -2.5981E-01 -4.0727E-03
  9.8308E+01  2.5188E+00 -1.4938E-01  3.0987E+01  0.0000E+00  1.3462E+02
  0.0000E+00 -3.5000E+01  1.2100E+02  5.5000E-01  0.0000E+00  0.0000E+00
  0.0000E+00  0.0000E+00
  2.4000E+02  2.6774E+02  2.8693E+02  6.0230E-02 -2.6049E-01 -4.1410E-03
  1.0089E+02  2.5298E+00 -1.4830E-01  3.0916E+01  0.0000E+00  1.3462E+02
  0.0000E+00 -3.5000E+01  1.2100E+02  5.5000E-01  0.0000E+00  0.0000E+00
  0.0000E+00  0.0000E+00
  2.4500E+02  2.6579E+02  2.9947E+02  6.0769E-02 -2.6110E-01 -4.2071E-03
  1.0347E+02  2.5408E+00 -1.4719E-01  3.0840E+01  0.0000E+00  1.3462E+02
  0.0000E+00 -3.5000E+01  1.2100E+02  5.5000E-01  0.0000E+00  0.0000E+00
  0.0000E+00  0.0000E+00
##          0         122   20190918  160222
##      1    3789                                       


  2.5000E+02  2.6327E+02  3.1197E+02  6.1307E-02 -2.6162E-01 -4.2684E-03
  1.0604E+02  2.5518E+00 -1.4604E-01  3.0761E+01  0.0000E+00  1.3462E+02
  0.0000E+00 -3.5000E+01  1.2100E+02  5.5000E-01  0.0000E+00  0.0000E+00
  0.0000E+00  0.0000E+00
  2.5500E+02  2.6017E+02  3.2440E+02  6.1849E-02 -2.6198E-01 -4.3185E-03
  1.0860E+02  2.5629E+00 -1.4488E-01  3.0679E+01  0.0000E+00  1.3462E+02
  0.0000E+00 -3.5000E+01  1.2100E+02  5.5000E-01  0.0000E+00  0.0000E+00
  0.0000E+00  0.0000E+00
  2.6000E+02  2.5649E+02  3.3672E+02  6.2396E-02 -2.6234E-01 -4.3708E-03
  1.1116E+02  2.5740E+00 -1.4369E-01  3.0594E+01  0.0000E+00  1.3462E+02
  0.0000E+00 -3.5000E+01  1.2100E+02  5.5000E-01  0.0000E+00  0.0000E+00
  0.0000E+00  0.0000E+00
  2.6500E+02  2.5224E+02  3.4892E+02  6.2951E-02 -2.6261E-01 -4.4229E-03
  1.1371E+02  2.5852E+00 -1.4249E-01  3.0506E+01  0.0000E+00  1.3462E+02
  0.0000E+00 -3.5000E+01  1.2100E+02  5.5000E-01  0.0000E+00  0.0000E+00
  0.0000E+00  0.0000E+00
  2.7000E+02  2.4742E+02  3.6096E+02  6.3514E-02 -2.6288E-01 -4.4751E-03
  1.1625E+02  2.5965E+00 -1.4126E-01  3.0416E+01  0.0000E+00  1.3462E+02
  0.0000E+00 -3.5000E+01  1.2100E+02  5.5000E-01  0.0000E+00  0.0000E+00
  0.0000E+00  0.0000E+00

  2.7500E+02  2.4205E+02  3.7283E+02  6.4084E-02 -2.6320E-01 -4.5253E-03
  1.1879E+02  2.6079E+00 -1.3998E-01  3.0323E+01  0.0000E+00  1.3462E+02
  0.0000E+00 -3.5000E+01  1.2100E+02  5.5000E-01  0.0000E+00  0.0000E+00
  0.0000E+00  0.0000E+00
  2.8000E+02  2.3612E+02  3.8449E+02  6.4663E-02 -2.6333E-01 -4.5787E-03
  1.2132E+02  2.6193E+00 -1.3868E-01  3.0227E+01  0.0000E+00  1.3462E+02
  0.0000E+00 -3.5000E+01  1.2100E+02  5.5000E-01  0.0000E+00  0.0000E+00
  0.0000E+00  0.0000E+00
  2.8500E+02  2.2964E+02  3.9593E+02  6.5251E-02 -2.6346E-01 -4.6288E-03
  1.2384E+02  2.6309E+00 -1.3735E-01  3.0129E+01  0.0000E+00  1.3462E+02
  0.0000E+00 -3.5000E+01  1.2100E+02  5.5000E-01  0.0000E+00  0.0000E+00
  0.0000E+00  0.0000E+00
  2.9000E+02  2.2263E+02  4.0711E+02  6.5849E-02 -2.6349E-01 -4.6810E-03
  1.2635E+02  2.6427E+00 -1.3600E-01  3.0027E+01  0.0000E+00  1.3462E+02
  0.0000E+00 -3.5000E+01  1.2100E+02  5.5000E-01  0.0000E+00  0.0000E+00
  0.0000E+00  0.0000E+00
  2.9500E+02  2.1510E+02  4.1802E+02  6.6458E-02 -2.6347E-01 -4.7289E-03
  1.2885E+02  2.6546E+00 -1.3464E-01  2.9923E+01  0.0000E+00  1.3462E+02
  0.0000E+00 -3.5000E+01  1.2100E+02  5.5000E-01  0.0000E+00  0.0000E+00
  0.0000E+00  0.0000E+00
##          0         122   20190918  160223
##      1    3789                                       


  3.0000E+02  2.0705E+02  4.2864E+02  6.7079E-02 -2.6340E-01 -4.7830E-03
  1.3134E+02  2.6666E+00 -1.3329E-01  2.9817E+01  0.0000E+00  1.3462E+02
  0.0000E+00 -3.5000E+01  1.2100E+02  5.5000E-01  0.0000E+00  0.0000E+00
  0.0000E+00  0.0000E+00
  3.0500E+02  1.9851E+02  4.3893E+02  6.7712E-02 -2.6328E-01 -4.8376E-03
  1.3383E+02  2.6788E+00 -1.3193E-01  2.9708E+01  0.0000E+00  1.3462E+02
  0.0000E+00 -3.5000E+01  1.2100E+02  5.5000E-01  0.0000E+00  0.0000E+00
  0.0000E+00  0.0000E+00
  3.1000E+02  1.8948E+02  4.4888E+02  6.8359E-02 -2.6313E-01 -4.8969E-03
  1.3630E+02  2.6911E+00 -1.3058E-01  2.9598E+01  0.0000E+00  1.3462E+02
  0.0000E+00 -3.5000E+01  1.2100E+02  5.5000E-01  0.0000E+00  0.0000E+00
  0.0000E+00  0.0000E+00
  3.1500E+02  1.7998E+02  4.5848E+02  6.9017E-02 -2.6293E-01 -4.9589E-03
  1.3877E+02  2.7036E+00 -1.2924E-01  2.9486E+01  0.0000E+00  1.3462E+02
  0.0000E+00 -3.5000E+01  1.2100E+02  5.5000E-01  0.0000E+00  0.0000E+00
  0.0000E+00  0.0000E+00
  3.2000E+02  1.7002E+02  4.6769E+02  6.9688E-02 -2.6270E-01 -5.0256E-03
  1.4122E+02  2.7161E+00 -1.2792E-01  2.9374E+01  0.0000E+00  1.3462E+02
  0.0000E+00 -3.5000E+01  1.2100E+02  5.5000E-01  0.0000E+00  0.0000E+00
  0.0000E+00  0.0000E+00

  3.2500E+02  1.5963E+02  4.7649E+02  7.0371E-02 -2.6243E-01 -5.0975E-03
  1.4367E+02  2.7288E+00 -1.2662E-01  2.9263E+01  0.0000E+00  1.3462E+02
  0.0000E+00 -3.5000E+01  1.2100E+02  5.5000E-01  0.0000E+00  0.0000E+00
  0.0000E+00  0.0000E+00
  3.3000E+02  1.4881E+02  4.8488E+02  7.1067E-02 -2.6218E-01 -5.1762E-03
  1.4611E+02  2.7416E+00 -1.2535E-01  2.9154E+01  0.0000E+00  1.3462E+02
  0.0000E+00 -3.5000E+01  1.2100E+02  5.5000E-01  0.0000E+00  0.0000E+00
  0.0000E+00  0.0000E+00
  3.3500E+02  1.3759E+02  4.9283E+02  7.1772E-02 -2.6194E-01 -5.2607E-03
  1.4854E+02  2.7545E+00 -1.2412E-01  2.9049E+01  0.0000E+00  1.3462E+02
  0.0000E+00 -3.5000E+01  1.2100E+02  5.5000E-01  0.0000E+00  0.0000E+00
  0.0000E+00  0.0000E+00
  3.4000E+02  1.2598E+02  5.0033E+02  7.2487E-02 -2.6173E-01 -5.3523E-03
  1.5096E+02  2.7673E+00 -1.2294E-01  2.8945E+01  0.0000E+00  1.3462E+02
  0.0000E+00 -3.5000E+01  1.2100E+02  5.5000E-01  0.0000E+00  0.0000E+00
  0.0000E+00  0.0000E+00
  3.4500E+02  1.1401E+02  5.0736E+02  7.3210E-02 -2.6154E-01 -5.4509E-03
  1.5337E+02  2.7802E+00 -1.2181E-01  2.8845E+01  0.0000E+00  1.3462E+02
  0.0000E+00 -3.5000E+01  1.2100E+02  5.5000E-01  0.0000E+00  0.0000E+00
  0.0000E+00  0.0000E+00
##          0         122   20190918  160223
##      1    3789                                       


  3.5000E+02  1.0169E+02  5.1390E+02  7.3941E-02 -2.6139E-01 -5.5548E-03
  1.5577E+02  2.7931E+00 -1.2075E-01  2.8748E+01  0.0000E+00  1.3462E+02
  0.0000E+00 -3.5000E+01  1.2100E+02  5.5000E-01  0.0000E+00  0.0000E+00
  0.0000E+00  0.0000E+00
  3.5500E+02  8.9053E+01  5.1994E+02  7.4674E-02 -2.6128E-01 -5.6638E-03
  1.5817E+02  2.8060E+00 -1.1974E-01  2.8654E+01  0.0000E+00  1.3462E+02
  0.0000E+00 -3.5000E+01  1.2100E+02  5.5000E-01  0.0000E+00  0.0000E+00
  0.0000E+00  0.0000E+00
  3.6000E+02  7.6110E+01  5.2546E+02  7.5414E-02 -2.6121E-01 -5.7833E-03
  1.6056E+02  2.8188E+00 -1.1879E-01  2.8564E+01  0.0000E+00  1.3462E+02
  0.0000E+00 -3.5000E+01  1.2100E+02  5.5000E-01  0.0000E+00  0.0000E+00
  0.0000E+00  0.0000E+00
  3.6500E+02  6.2886E+01  5.3046E+02  7.6154E-02 -2.6119E-01 -5.9038E-03
  1.6294E+02  2.8315E+00 -1.1791E-01  2.8477E+01  0.0000E+00  1.3462E+02
  0.0000E+00 -3.5000E+01  1.2100E+02  5.5000E-01  0.0000E+00  0.0000E+00
  0.0000E+00  0.0000E+00
  3.7000E+02  4.9404E+01  5.3491E+02  7.6895E-02 -2.6122E-01 -6.0309E-03
  1.6531E+02  2.8440E+00 -1.1710E-01  2.8395E+01  0.0000E+00  1.3462E+02
  0.0000E+00 -3.5000E+01  1.2100E+02  5.5000E-01  0.0000E+00  0.0000E+00
  0.0000E+00  0.0000E+00

  3.7500E+02  3.5688E+01  5.3882E+02  7.7634E-02 -2.6131E-01 -6.1652E-03
  1.6768E+02  2.8564E+00 -1.1634E-01  2.8317E+01  0.0000E+00  1.3462E+02
  0.0000E+00 -3.5000E+01  1.2100E+02  5.5000E-01  0.0000E+00  0.0000E+00
  0.0000E+00  0.0000E+00
  3.8000E+02  2.1761E+01  5.4216E+02  7.8371E-02 -2.6145E-01 -6.3025E-03
  1.7004E+02  2.8687E+00 -1.1566E-01  2.8243E+01  0.0000E+00  1.3462E+02
  0.0000E+00 -3.5000E+01  1.2100E+02  5.5000E-01  0.0000E+00  0.0000E+00
  0.0000E+00  0.0000E+00
  3.8500E+02  7.6482E+00  5.4494E+02  7.9102E-02 -2.6165E-01 -6.4443E-03
  1.7239E+02  2.8808E+00 -1.1503E-01  2.8174E+01  0.0000E+00  1.3462E+02
  0.0000E+00 -3.5000E+01  1.2100E+02  5.5000E-01  0.0000E+00  0.0000E+00
  0.0000E+00  0.0000E+00
  3.9000E+02 -6.6267E+00  5.4714E+02  7.9828E-02 -2.6191E-01 -6.5878E-03
  1.7474E+02  2.8926E+00 -1.1446E-01  2.8110E+01  0.0000E+00  1.3462E+02
  0.0000E+00 -3.5000E+01  1.2100E+02  5.5000E-01  0.0000E+00  0.0000E+00
  0.0000E+00  0.0000E+00
  3.9500E+02 -2.1038E+01  5.4875E+02  8.0545E-02 -2.6223E-01 -6.7378E-03
  1.7709E+02  2.9042E+00 -1.1395E-01  2.8050E+01  0.0000E+00  1.3462E+02
  0.0000E+00 -3.5000E+01  1.2100E+02  5.5000E-01  0.0000E+00  0.0000E+00
  0.0000E+00  0.0000E+00
##          0         122   20190918  160223
##      1    3789                                       


  4.0000E+02 -3.5561E+01  5.4977E+02  8.1254E-02 -2.6262E-01 -6.8881E-03
  1.7943E+02  2.9156E+00 -1.1349E-01  2.7995E+01  0.0000E+00  1.3462E+02
  0.0000E+00 -3.5000E+01  1.2100E+02  5.5000E-01  0.0000E+00  0.0000E+00
  0.0000E+00  0.0000E+00
  4.0500E+02 -5.0170E+01  5.5020E+02  8.1951E-02 -2.6305E-01 -7.0419E-03
  1.8176E+02  2.9267E+00 -1.1308E-01  2.7944E+01  0.0000E+00  1.3462E+02
  0.0000E+00 -3.5000E+01  1.2100E+02  5.5000E-01  0.0000E+00  0.0000E+00
  0.0000E+00  0.0000E+00
  4.1000E+02 -6.4839E+01  5.5003E+02  8.2637E-02 -2.6355E-01 -7.1958E-03
  1.8409E+02  2.9375E+00 -1.1272E-01  2.7898E+01  0.0000E+00  1.3462E+02
  0.0000E+00 -3.5000E+01  1.2100E+02  5.5000E-01  0.0000E+00  0.0000E+00
  0.0000E+00  0.0000E+00
  4.1500E+02 -7.9541E+01  5.4925E+02  8.3308E-02 -2.6409E-01 -7.3500E-03
  1.8642E+02  2.9480E+00 -1.1241E-01  2.7856E+01  0.0000E+00  1.3462E+02
  0.0000E+00 -3.5000E+01  1.2100E+02  5.5000E-01  0.0000E+00  0.0000E+00
  0.0000E+00  0.0000E+00
  4.2000E+02 -9.4251E+01  5.4788E+02  8.3965E-02 -2.6468E-01 -7.5039E-03
  1.8874E+02  2.9582E+00 -1.1213E-01  2.7819E+01  0.0000E+00  1.3462E+02
  0.0000E+00 -3.5000E+01  1.2100E+02  5.5000E-01  0.0000E+00  0.0000E+00
  0.0000E+00  0.0000E+00

  4.2500E+02 -1.0894E+02  5.4589E+02  8.4606E-02 -2.6532E-01 -7.6590E-03
  1.9106E+02  2.9680E+00 -1.1189E-01  2.7785E+01  0.0000E+00  1.3462E+02
  0.0000E+00 -3.5000E+01  1.2100E+02  5.5000E-01  0.0000E+00  0.0000E+00
  0.0000E+00  0.0000E+00
  4.3000E+02 -1.2359E+02  5.4330E+02  8.5232E-02 -2.6600E-01 -7.8130E-03
  1.9338E+02  2.9776E+00 -1.1168E-01  2.7755E+01  0.0000E+00  1.3462E+02
  0.0000E+00 -3.5000E+01  1.2100E+02  5.5000E-01  0.0000E+00  0.0000E+00
  0.0000E+00  0.0000E+00
  4.3500E+02 -1.3816E+02  5.4011E+02  8.5839E-02 -2.6678E-01 -7.9671E-03
  1.9570E+02  2.9868E+00 -1.1150E-01  2.7729E+01  0.0000E+00  1.3462E+02
  0.0000E+00 -3.5000E+01  1.2100E+02  5.5000E-01  0.0000E+00  0.0000E+00
  0.0000E+00  0.0000E+00
  4.4000E+02 -1.5264E+02  5.3632E+02  8.6429E-02 -2.6755E-01 -8.1196E-03
  1.9801E+02  2.9957E+00 -1.1135E-01  2.7705E+01  0.0000E+00  1.3462E+02
  0.0000E+00 -3.5000E+01  1.2100E+02  5.5000E-01  0.0000E+00  0.0000E+00
  0.0000E+00  0.0000E+00
  4.4500E+02 -1.6699E+02  5.3194E+02  8.6999E-02 -2.6834E-01 -8.2680E-03
  2.0032E+02  3.0042E+00 -1.1121E-01  2.7684E+01  0.0000E+00  1.3462E+02
  0.0000E+00 -3.5000E+01  1.2100E+02  5.5000E-01  0.0000E+00  0.0000E+00
  0.0000E+00  0.0000E+00
##          0         122   20190918  160223
##      1    3789                                       


  4.5000E+02 -1.8120E+02  5.2696E+02  8.7551E-02 -2.6914E-01 -8.4144E-03
  2.0263E+02  3.0124E+00 -1.1110E-01  2.7666E+01  0.0000E+00  1.3462E+02
  0.0000E+00 -3.5000E+01  1.2100E+02  5.5000E-01  0.0000E+00  0.0000E+00
  0.0000E+00  0.0000E+00
  4.5500E+02 -1.9522E+02  5.2140E+02  8.8083E-02 -2.6993E-01 -8.5566E-03
  2.0494E+02  3.0202E+00 -1.1100E-01  2.7650E+01  0.0000E+00  1.3462E+02
  0.0000E+00 -3.5000E+01  1.2100E+02  5.5000E-01  0.0000E+00  0.0000E+00
  0.0000E+00  0.0000E+00
  4.6000E+02 -2.0905E+02  5.1526E+02  8.8595E-02 -2.7073E-01 -8.6956E-03
  2.0725E+02  3.0278E+00 -1.1092E-01  2.7637E+01  0.0000E+00  1.3462E+02
  0.0000E+00 -3.5000E+01  1.2100E+02  5.5000E-01  0.0000E+00  0.0000E+00
  0.0000E+00  0.0000E+00
  4.6500E+02 -2.2265E+02  5.0855E+02  8.9089E-02 -2.7153E-01 -8.8307E-03
  2.0955E+02  3.0350E+00 -1.1085E-01  2.7625E+01  0.0000E+00  1.3462E+02
  0.0000E+00 -3.5000E+01  1.2100E+02  5.5000E-01  0.0000E+00  0.0000E+00
  0.0000E+00  0.0000E+00
  4.7000E+02 -2.3600E+02  5.0128E+02  8.9562E-02 -2.7234E-01 -8.9614E-03
  2.1186E+02  3.0419E+00 -1.1079E-01  2.7615E+01  0.0000E+00  1.3462E+02
  0.0000E+00 -3.5000E+01  1.2100E+02  5.5000E-01  0.0000E+00  0.0000E+00
  0.0000E+00  0.0000E+00

  4.7500E+02 -2.4907E+02  4.9346E+02  9.0018E-02 -2.7313E-01 -9.0888E-03
  2.1416E+02  3.0484E+00 -1.1074E-01  2.7606E+01  0.0000E+00  1.3462E+02
  0.0000E+00 -3.5000E+01  1.2100E+02  5.5000E-01  0.0000E+00  0.0000E+00
  0.0000E+00  0.0000E+00
  4.8000E+02 -2.6185E+02  4.8510E+02  9.0455E-02 -2.7391E-01 -9.2121E-03
  2.1647E+02  3.0547E+00 -1.1071E-01  2.7599E+01  0.0000E+00  1.3462E+02
  0.0000E+00 -3.5000E+01  1.2100E+02  5.5000E-01  0.0000E+00  0.0000E+00
  0.0000E+00  0.0000E+00
  4.8500E+02 -2.7430E+02  4.7622E+02  9.0873E-02 -2.7468E-01 -9.3296E-03
  2.1877E+02  3.0607E+00 -1.1068E-01  2.7593E+01  0.0000E+00  1.3462E+02
  0.0000E+00 -3.5000E+01  1.2100E+02  5.5000E-01  0.0000E+00  0.0000E+00
  0.0000E+00  0.0000E+00
  4.9000E+02 -2.8641E+02  4.6682E+02  9.1273E-02 -2.7543E-01 -9.4441E-03
  2.2107E+02  3.0664E+00 -1.1066E-01  2.7588E+01  0.0000E+00  1.3462E+02
  0.0000E+00 -3.5000E+01  1.2100E+02  5.5000E-01  0.0000E+00  0.0000E+00
  0.0000E+00  0.0000E+00
  4.9500E+02 -2.9816E+02  4.5693E+02  9.1656E-02 -2.7616E-01 -9.5533E-03
  2.2338E+02  3.0719E+00 -1.1064E-01  2.7584E+01  0.0000E+00  1.3462E+02
  0.0000E+00 -3.5000E+01  1.2100E+02  5.5000E-01  0.0000E+00  0.0000E+00
  0.0000E+00  0.0000E+00
##          0         122   20190918  160224
##      1    3789                                       


  5.0000E+02 -3.0951E+02  4.4656E+02  9.2021E-02 -2.7688E-01 -9.6593E-03
  2.2568E+02  3.0770E+00 -1.1063E-01  2.7581E+01  0.0000E+00  1.3462E+02
  0.0000E+00 -3.5000E+01  1.2100E+02  5.5000E-01  0.0000E+00  0.0000E+00
  0.0000E+00  0.0000E+00
  5.0500E+02 -3.2045E+02  4.3572E+02  9.2370E-02 -2.7757E-01 -9.7601E-03
  2.2798E+02  3.0820E+00 -1.1062E-01  2.7579E+01  0.0000E+00  1.3462E+02
  0.0000E+00 -3.5000E+01  1.2100E+02  5.5000E-01  0.0000E+00  0.0000E+00
  0.0000E+00  0.0000E+00
  5.1000E+02 -3.3097E+02  4.2442E+02  9.2702E-02 -2.7831E-01 -9.8568E-03
  2.3028E+02  3.0866E+00 -1.1060E-01  2.7577E+01  0.0000E+00  1.3462E+02
  0.0000E+00 -3.5000E+01  1.2100E+02  5.5000E-01  0.0000E+00  0.0000E+00
  0.0000E+00  0.0000E+00
  5.1500E+02 -3.4104E+02  4.1270E+02  9.3019E-02 -2.7902E-01 -9.9484E-03
  2.3258E+02  3.0911E+00 -1.1057E-01  2.7575E+01  0.0000E+00  1.3462E+02
  0.0000E+00 -3.5000E+01  1.2100E+02  5.5000E-01  0.0000E+00  0.0000E+00
  0.0000E+00  0.0000E+00
  5.2000E+02 -3.5064E+02  4.0057E+02  9.3322E-02 -2.7961E-01 -1.0037E-02
  2.3489E+02  3.0953E+00 -1.1053E-01  2.7572E+01  0.0000E+00  1.3462E+02
  0.0000E+00 -3.5000E+01  1.2100E+02  5.5000E-01  0.0000E+00  0.0000E+00
  0.0000E+00  0.0000E+00

  5.2500E+02 -3.5976E+02  3.8804E+02  9.3610E-02 -2.8020E-01 -1.0118E-02
  2.3719E+02  3.0994E+00 -1.1048E-01  2.7569E+01  0.0000E+00  1.3462E+02
  0.0000E+00 -3.5000E+01  1.2100E+02  5.5000E-01  0.0000E+00  0.0000E+00
  0.0000E+00  0.0000E+00
  5.3000E+02 -3.6838E+02  3.7514E+02  9.3884E-02 -2.8070E-01 -1.0197E-02
  2.3949E+02  3.1032E+00 -1.1043E-01  2.7565E+01  0.0000E+00  1.3462E+02
  0.0000E+00 -3.5000E+01  1.2100E+02  5.5000E-01  0.0000E+00  0.0000E+00
  0.0000E+00  0.0000E+00
  5.3500E+02 -3.7649E+02  3.6189E+02  9.4147E-02 -2.8119E-01 -1.0270E-02
  2.4179E+02  3.1069E+00 -1.1038E-01  2.7561E+01  0.0000E+00  1.3462E+02
  0.0000E+00 -3.5000E+01  1.2100E+02  5.5000E-01  0.0000E+00  0.0000E+00
  0.0000E+00  0.0000E+00
  5.4000E+02 -3.8406E+02  3.4831E+02  9.4397E-02 -2.8163E-01 -1.0342E-02
  2.4409E+02  3.1104E+00 -1.1034E-01  2.7557E+01  0.0000E+00  1.3462E+02
  0.0000E+00 -3.5000E+01  1.2100E+02  5.5000E-01  0.0000E+00  0.0000E+00
  0.0000E+00  0.0000E+00
  5.4500E+02 -3.9109E+02  3.3442E+02  9.4637E-02 -2.8205E-01 -1.0409E-02
  2.4639E+02  3.1138E+00 -1.1029E-01  2.7552E+01  0.0000E+00  1.3462E+02
  0.0000E+00 -3.5000E+01  1.2100E+02  5.5000E-01  0.0000E+00  0.0000E+00
  0.0000E+00  0.0000E+00
##          0         122   20190918  160224
##      1    3789                                       


  5.5000E+02 -3.9756E+02  3.2024E+02  9.4866E-02 -2.8244E-01 -1.0474E-02
  2.4869E+02  3.1170E+00 -1.1025E-01  2.7547E+01  0.0000E+00  1.3462E+02
  0.0000E+00 -3.5000E+01  1.2100E+02  5.5000E-01  0.0000E+00  0.0000E+00
  0.0000E+00  0.0000E+00
  5.5500E+02 -4.0346E+02  3.0580E+02  9.5086E-02 -2.8280E-01 -1.0536E-02
  2.5099E+02  3.1200E+00 -1.1021E-01  2.7543E+01  0.0000E+00  1.3462E+02
  0.0000E+00 -3.5000E+01  1.2100E+02  5.5000E-01  0.0000E+00  0.0000E+00
  0.0000E+00  0.0000E+00
  5.6000E+02 -4.0879E+02  2.9112E+02  9.5294E-02 -2.8315E-01 -1.0595E-02
  2.5329E+02  3.1229E+00 -1.1017E-01  2.7538E+01  0.0000E+00  1.3462E+02
  0.0000E+00 -3.5000E+01  1.2100E+02  5.5000E-01  0.0000E+00  0.0000E+00
  0.0000E+00  0.0000E+00
  5.6500E+02 -4.1352E+02  2.7622E+02  9.5495E-02 -2.8348E-01 -1.0652E-02
  2.5558E+02  3.1257E+00 -1.1014E-01  2.7533E+01  0.0000E+00  1.3462E+02
  0.0000E+00 -3.5000E+01  1.2100E+02  5.5000E-01  0.0000E+00  0.0000E+00
  0.0000E+00  0.0000E+00
  5.7000E+02 -4.1766E+02  2.6114E+02  9.5686E-02 -2.8379E-01 -1.0707E-02
  2.5788E+02  3.1284E+00 -1.1011E-01  2.7529E+01  0.0000E+00  1.3462E+02
  0.0000E+00 -3.5000E+01  1.2100E+02  5.5000E-01  0.0000E+00  0.0000E+00
  0.0000E+00  0.0000E+00

  5.7500E+02 -4.2119E+02  2.4588E+02  9.5869E-02 -2.8408E-01 -1.0758E-02
  2.6018E+02  3.1309E+00 -1.1008E-01  2.7525E+01  0.0000E+00  1.3462E+02
  0.0000E+00 -3.5000E+01  1.2100E+02  5.5000E-01  0.0000E+00  0.0000E+00
  0.0000E+00  0.0000E+00
  5.8000E+02 -4.2410E+02  2.3049E+02  9.6042E-02 -2.8436E-01 -1.0807E-02
  2.6248E+02  3.1333E+00 -1.1005E-01  2.7521E+01  0.0000E+00  1.3462E+02
  0.0000E+00 -3.5000E+01  1.2100E+02  5.5000E-01  0.0000E+00  0.0000E+00
  0.0000E+00  0.0000E+00
  5.8500E+02 -4.2640E+02  2.1498E+02  9.6209E-02 -2.8463E-01 -1.0855E-02
  2.6477E+02  3.1356E+00 -1.1002E-01  2.7517E+01  0.0000E+00  1.3462E+02
  0.0000E+00 -3.5000E+01  1.2100E+02  5.5000E-01  0.0000E+00  0.0000E+00
  0.0000E+00  0.0000E+00
  5.9000E+02 -4.2808E+02  1.9938E+02  9.6367E-02 -2.8489E-01 -1.0899E-02
  2.6707E+02  3.1379E+00 -1.1000E-01  2.7513E+01  0.0000E+00  1.3462E+02
  0.0000E+00 -3.5000E+01  1.2100E+02  5.5000E-01  0.0000E+00  0.0000E+00
  0.0000E+00  0.0000E+00
  5.9500E+02 -4.2913E+02  1.8371E+02  9.6519E-02 -2.8513E-01 -1.0943E-02
  2.6937E+02  3.1400E+00 -1.0997E-01  2.7509E+01  0.0000E+00  1.3462E+02
  0.0000E+00 -3.5000E+01  1.2100E+02  5.5000E-01  0.0000E+00  0.0000E+00
  0.0000E+00  0.0000E+00
##          0         122   20190918  160224
##      1    3789                                       


  6.0000E+02 -4.2955E+02  1.6800E+02  9.6663E-02 -2.8536E-01 -1.0983E-02
  2.7166E+02  3.1420E+00 -1.0995E-01  2.7506E+01  0.0000E+00  1.3462E+02
  0.0000E+00 -3.5000E+01  1.2100E+02  5.5000E-01  0.0000E+00  0.0000E+00
  0.0000E+00  0.0000E+00
  6.0500E+02 -4.2934E+02  1.5228E+02  9.6801E-02 -2.8558E-01 -1.1023E-02
  2.7396E+02  3.1439E+00 -1.0993E-01  2.7503E+01  0.0000E+00  1.3462E+02
  0.0000E+00 -3.5000E+01  1.2100E+02  5.5000E-01  0.0000E+00  0.0000E+00
  0.0000E+00  0.0000E+00
  6.1000E+02 -4.2850E+02  1.3657E+02  9.6931E-02 -2.8580E-01 -1.1059E-02
  2.7626E+02  3.1457E+00 -1.0991E-01  2.7500E+01  0.0000E+00  1.3462E+02
  0.0000E+00 -3.5000E+01  1.2100E+02  5.5000E-01  0.0000E+00  0.0000E+00
  0.0000E+00  0.0000E+00
  6.1500E+02 -4.2703E+02  1.2090E+02  9.7056E-02 -2.8600E-01 -1.1096E-02
  2.7855E+02  3.1475E+00 -1.0989E-01  2.7497E+01  0.0000E+00  1.3462E+02
  0.0000E+00 -3.5000E+01  1.2100E+02  5.5000E-01  0.0000E+00  0.0000E+00
  0.0000E+00  0.0000E+00
  6.2000E+02 -4.2493E+02  1.0529E+02  9.7175E-02 -2.8624E-01 -1.1129E-02
  2.8085E+02  3.1491E+00 -1.0987E-01  2.7494E+01  0.0000E+00  1.3462E+02
  0.0000E+00 -3.5000E+01  1.2100E+02  5.5000E-01  0.0000E+00  0.0000E+00
  0.0000E+00  0.0000E+00

  6.2500E+02 -4.2221E+02  8.9769E+01  9.7288E-02 -2.8646E-01 -1.1161E-02
  2.8314E+02  3.1507E+00 -1.0983E-01  2.7492E+01  0.0000E+00  1.3462E+02
  0.0000E+00 -3.5000E+01  1.2100E+02  5.5000E-01  0.0000E+00  0.0000E+00
  0.0000E+00  0.0000E+00
  6.3000E+02 -4.1887E+02  7.4363E+01  9.7395E-02 -2.8666E-01 -1.1191E-02
  2.8543E+02  3.1523E+00 -1.0979E-01  2.7491E+01  0.0000E+00  1.3462E+02
  0.0000E+00 -3.5000E+01  1.2100E+02  5.5000E-01  0.0000E+00  0.0000E+00
  0.0000E+00  0.0000E+00
  6.3500E+02 -4.1491E+02  5.9095E+01  9.7497E-02 -2.8685E-01 -1.1220E-02
  2.8773E+02  3.1537E+00 -1.0974E-01  2.7489E+01  0.0000E+00  1.3462E+02
  0.0000E+00 -3.5000E+01  1.2100E+02  5.5000E-01  0.0000E+00  0.0000E+00
  0.0000E+00  0.0000E+00
  6.4000E+02 -4.1034E+02  4.3992E+01  9.7595E-02 -2.8702E-01 -1.1247E-02
  2.9002E+02  3.1551E+00 -1.0970E-01  2.7488E+01  0.0000E+00  1.3462E+02
  0.0000E+00 -3.5000E+01  1.2100E+02  5.5000E-01  0.0000E+00  0.0000E+00
  0.0000E+00  0.0000E+00
  6.4500E+02 -4.0516E+02  2.9077E+01  9.7687E-02 -2.8719E-01 -1.1272E-02
  2.9232E+02  3.1564E+00 -1.0965E-01  2.7486E+01  0.0000E+00  1.3462E+02
  0.0000E+00 -3.5000E+01  1.2100E+02  5.5000E-01  0.0000E+00  0.0000E+00
  0.0000E+00  0.0000E+00
##          0         122   20190918  160224
##      1    3789                                       


  6.5000E+02 -3.9939E+02  1.4376E+01  9.7776E-02 -2.8734E-01 -1.1298E-02
  2.9461E+02  3.1577E+00 -1.0960E-01  2.7485E+01  0.0000E+00  1.3462E+02
  0.0000E+00 -3.5000E+01  1.2100E+02  5.5000E-01  0.0000E+00  0.0000E+00
  0.0000E+00  0.0000E+00
  6.5500E+02 -3.9304E+02 -8.7788E-02  9.7860E-02 -2.8748E-01 -1.1321E-02
  2.9691E+02  3.1589E+00 -1.0955E-01  2.7483E+01  0.0000E+00  1.3462E+02
  0.0000E+00 -3.5000E+01  1.2100E+02  5.5000E-01  0.0000E+00  0.0000E+00
  0.0000E+00  0.0000E+00
  6.6000E+02 -3.8610E+02 -1.4291E+01  9.7942E-02 -2.8762E-01 -1.1343E-02
  2.9920E+02  3.1601E+00 -1.0951E-01  2.7482E+01  0.0000E+00  1.3462E+02
  0.0000E+00 -3.5000E+01  1.2100E+02  5.5000E-01  0.0000E+00  0.0000E+00
  0.0000E+00  0.0000E+00
  6.6500E+02 -3.7860E+02 -2.8210E+01  9.8018E-02 -2.8774E-01 -1.1365E-02
  3.0149E+02  3.1612E+00 -1.0946E-01  2.7480E+01  0.0000E+00  1.3462E+02
  0.0000E+00 -3.5000E+01  1.2100E+02  5.5000E-01  0.0000E+00  0.0000E+00
  0.0000E+00  0.0000E+00
  6.7000E+02 -3.7055E+02 -4.1822E+01  9.8092E-02 -2.8786E-01 -1.1385E-02
  3.0379E+02  3.1623E+00 -1.0942E-01  2.7479E+01  0.0000E+00  1.3462E+02
  0.0000E+00 -3.5000E+01  1.2100E+02  5.5000E-01  0.0000E+00  0.0000E+00
  0.0000E+00  0.0000E+00

  6.7500E+02 -3.6195E+02 -5.5105E+01  9.8161E-02 -2.8797E-01 -1.1404E-02
  3.0608E+02  3.1634E+00 -1.0938E-01  2.7477E+01  0.0000E+00  1.3462E+02
  0.0000E+00 -3.5000E+01  1.2100E+02  5.5000E-01  0.0000E+00  0.0000E+00
  0.0000E+00  0.0000E+00
  6.8000E+02 -3.5283E+02 -6.8038E+01  9.8228E-02 -2.8808E-01 -1.1422E-02
  3.0838E+02  3.1643E+00 -1.0933E-01  2.7476E+01  0.0000E+00  1.3462E+02
  0.0000E+00 -3.5000E+01  1.2100E+02  5.5000E-01  0.0000E+00  0.0000E+00
  0.0000E+00  0.0000E+00
  6.8500E+02 -3.4319E+02 -8.0599E+01  9.8291E-02 -2.8818E-01 -1.1440E-02
  3.1067E+02  3.1653E+00 -1.0930E-01  2.7474E+01  0.0000E+00  1.3462E+02
  0.0000E+00 -3.5000E+01  1.2100E+02  5.5000E-01  0.0000E+00  0.0000E+00
  0.0000E+00  0.0000E+00
  6.9000E+02 -3.3306E+02 -9.2767E+01  9.8352E-02 -2.8828E-01 -1.1456E-02
  3.1296E+02  3.1662E+00 -1.0926E-01  2.7473E+01  0.0000E+00  1.3462E+02
  0.0000E+00 -3.5000E+01  1.2100E+02  5.5000E-01  0.0000E+00  0.0000E+00
  0.0000E+00  0.0000E+00
  6.9500E+02 -3.2244E+02 -1.0452E+02  9.8409E-02 -2.8837E-01 -1.1472E-02
  3.1526E+02  3.1671E+00 -1.0922E-01  2.7471E+01  0.0000E+00  1.3462E+02
  0.0000E+00 -3.5000E+01  1.2100E+02  5.5000E-01  0.0000E+00  0.0000E+00
  0.0000E+00  0.0000E+00
##          0         122   20190918  160225
##      1    3789                                       


  7.0000E+02 -3.1136E+02 -1.1585E+02  9.8464E-02 -2.8845E-01 -1.1486E-02
  3.1755E+02  3.1679E+00 -1.0919E-01  2.7470E+01  0.0000E+00  1.3462E+02
  0.0000E+00 -3.5000E+01  1.2100E+02  5.5000E-01  0.0000E+00  0.0000E+00
  0.0000E+00  0.0000E+00
  7.0500E+02 -2.9983E+02 -1.2672E+02  9.8516E-02 -2.8854E-01 -1.1501E-02
  3.1984E+02  3.1688E+00 -1.0916E-01  2.7469E+01  0.0000E+00  1.3462E+02
  0.0000E+00 -3.5000E+01  1.2100E+02  5.5000E-01  0.0000E+00  0.0000E+00
  0.0000E+00  0.0000E+00
  7.1000E+02 -2.8787E+02 -1.3713E+02  9.8565E-02 -2.8862E-01 -1.1514E-02
  3.2213E+02  3.1695E+00 -1.0912E-01  2.7468E+01  0.0000E+00  1.3462E+02
  0.0000E+00 -3.5000E+01  1.2100E+02  5.5000E-01  0.0000E+00  0.0000E+00
  0.0000E+00  0.0000E+00
  7.1500E+02 -2.7550E+02 -1.4705E+02  9.8613E-02 -2.8869E-01 -1.1527E-02
  3.2443E+02  3.1703E+00 -1.0909E-01  2.7466E+01  0.0000E+00  1.3462E+02
  0.0000E+00 -3.5000E+01  1.2100E+02  5.5000E-01  0.0000E+00  0.0000E+00
  0.0000E+00  0.0000E+00
  7.2000E+02 -2.6274E+02 -1.5648E+02  9.8657E-02 -2.8876E-01 -1.1538E-02
  3.2672E+02  3.1710E+00 -1.0907E-01  2.7465E+01  0.0000E+00  1.3462E+02
  0.0000E+00 -3.5000E+01  1.2100E+02  5.5000E-01  0.0000E+00  0.0000E+00
  0.0000E+00  0.0000E+00

  7.2500E+02 -2.4961E+02 -1.6538E+02  9.8699E-02 -2.8883E-01 -1.1550E-02
  3.2901E+02  3.1717E+00 -1.0904E-01  2.7464E+01  0.0000E+00  1.3462E+02
  0.0000E+00 -3.5000E+01  1.2100E+02  5.5000E-01  0.0000E+00  0.0000E+00
  0.0000E+00  0.0000E+00
  7.3000E+02 -2.3613E+02 -1.7376E+02  9.8740E-02 -2.8890E-01 -1.1561E-02
  3.3130E+02  3.1723E+00 -1.0901E-01  2.7463E+01  0.0000E+00  1.3462E+02
  0.0000E+00 -3.5000E+01  1.2100E+02  5.5000E-01  0.0000E+00  0.0000E+00
  0.0000E+00  0.0000E+00
  7.3500E+02 -2.2233E+02 -1.8159E+02  9.8777E-02 -2.8896E-01 -1.1571E-02
  3.3360E+02  3.1730E+00 -1.0899E-01  2.7462E+01  0.0000E+00  1.3462E+02
  0.0000E+00 -3.5000E+01  1.2100E+02  5.5000E-01  0.0000E+00  0.0000E+00
  0.0000E+00  0.0000E+00
  7.4000E+02 -2.0822E+02 -1.8886E+02  9.8814E-02 -2.8903E-01 -1.1581E-02
  3.3589E+02  3.1736E+00 -1.0896E-01  2.7461E+01  0.0000E+00  1.3462E+02
  0.0000E+00 -3.5000E+01  1.2100E+02  5.5000E-01  0.0000E+00  0.0000E+00
  0.0000E+00  0.0000E+00
  7.4500E+02 -1.9383E+02 -1.9557E+02  9.8848E-02 -2.8909E-01 -1.1591E-02
  3.3818E+02  3.1742E+00 -1.0894E-01  2.7460E+01  0.0000E+00  1.3462E+02
  0.0000E+00 -3.5000E+01  1.2100E+02  5.5000E-01  0.0000E+00  0.0000E+00
  0.0000E+00  0.0000E+00
##          0         122   20190918  160225
##      1    3789                                       


  7.5000E+02 -1.7918E+02 -2.0169E+02  9.8881E-02 -2.8914E-01 -1.1599E-02
  3.4047E+02  3.1747E+00 -1.0892E-01  2.7459E+01  0.0000E+00  1.3462E+02
  0.0000E+00 -3.5000E+01  1.2100E+02  5.5000E-01  0.0000E+00  0.0000E+00
  0.0000E+00  0.0000E+00
  7.5500E+02 -1.6429E+02 -2.0722E+02  9.8911E-02 -2.8920E-01 -1.1608E-02
  3.4276E+02  3.1753E+00 -1.0890E-01  2.7458E+01  0.0000E+00  1.3462E+02
  0.0000E+00 -3.5000E+01  1.2100E+02  5.5000E-01  0.0000E+00  0.0000E+00
  0.0000E+00  0.0000E+00
  7.6000E+02 -1.4919E+02 -2.1216E+02  9.8940E-02 -2.8925E-01 -1.1616E-02
  3.4506E+02  3.1758E+00 -1.0888E-01  2.7457E+01  0.0000E+00  1.3462E+02
  0.0000E+00 -3.5000E+01  1.2100E+02  5.5000E-01  0.0000E+00  0.0000E+00
  0.0000E+00  0.0000E+00
  7.6500E+02 -1.3391E+02 -2.1649E+02  9.8967E-02 -2.8930E-01 -1.1623E-02
  3.4735E+02  3.1763E+00 -1.0886E-01  2.7457E+01  0.0000E+00  1.3462E+02
  0.0000E+00 -3.5000E+01  1.2100E+02  5.5000E-01  0.0000E+00  0.0000E+00
  0.0000E+00  0.0000E+00
  7.7000E+02 -1.1846E+02 -2.2020E+02  9.8993E-02 -2.8935E-01 -1.1630E-02
  3.4964E+02  3.1768E+00 -1.0884E-01  2.7456E+01  0.0000E+00  1.3462E+02
  0.0000E+00 -3.5000E+01  1.2100E+02  5.5000E-01  0.0000E+00  0.0000E+00
  0.0000E+00  0.0000E+00

  7.7500E+02 -1.0287E+02 -2.2329E+02  9.9017E-02 -2.8939E-01 -1.1636E-02
  3.5193E+02  3.1772E+00 -1.0883E-01  2.7455E+01  0.0000E+00  1.3462E+02
  0.0000E+00 -3.5000E+01  1.2100E+02  5.5000E-01  0.0000E+00  0.0000E+00
  0.0000E+00  0.0000E+00
  7.8000E+02 -8.7165E+01 -2.2576E+02  9.9042E-02 -2.8944E-01 -1.1644E-02
  3.5422E+02  3.1776E+00 -1.0881E-01  2.7455E+01  0.0000E+00  1.3462E+02
  0.0000E+00 -3.5000E+01  1.2100E+02  5.5000E-01  0.0000E+00  0.0000E+00
  0.0000E+00  0.0000E+00
  7.8500E+02 -7.1374E+01 -2.2760E+02  9.9062E-02 -2.8948E-01 -1.1648E-02
  3.5651E+02  3.1781E+00 -1.0879E-01  2.7454E+01  0.0000E+00  1.3462E+02
  0.0000E+00 -3.5000E+01  1.2100E+02  5.5000E-01  0.0000E+00  0.0000E+00
  0.0000E+00  0.0000E+00
  7.9000E+02 -5.5521E+01 -2.2881E+02  9.9083E-02 -2.8952E-01 -1.1655E-02
  3.5881E+02  3.1785E+00 -1.0878E-01  2.7453E+01  0.0000E+00  1.3462E+02
  0.0000E+00 -3.5000E+01  1.2100E+02  5.5000E-01  0.0000E+00  0.0000E+00
  0.0000E+00  0.0000E+00
