##          0         121   20190918  160213
##      1    3789                                       


  0.0000E+00  0.0000E+00  0.0000E+00  0.0000E+00  0.0000E+00  0.0000E+00
  0.0000E+00  4.3210E+00  0.0000E+00  0.0000E+00  0.0000E+00  1.3462E+02
  0.0000E+00  0.0000E+00  1.2100E+02  5.5000E-01  0.0000E+00  0.0000E+00
  0.0000E+00  0.0000E+00
  5.0000E+00  2.1629E+01 -3.9716E-02  2.0040E-01  3.8894E-01 -3.2848E-02
  8.1083E-02  4.3220E+00 -2.5029E-02  2.5992E+00  0.0000E+00  1.3462E+02
  0.0000E+00 -2.3920E+01  1.2100E+02  5.5000E-01  0.0000E+00  0.0000E+00
  0.0000E+00  0.0000E+00
  1.0000E+01  4.3165E+01 -1.6307E-01  2.0225E-01  3.2701E-01 -4.3280E-02
  4.7395E-01  4.2902E+00 -5.8466E-02  6.8706E+00  0.0000E+00  1.3462E+02
  0.0000E+00 -3.5000E+01  1.2100E+02  5.5000E-01  0.0000E+00  0.0000E+00
  0.0000E+00  0.0000E+00
  1.5000E+01  6.4521E+01 -2.1365E-01  1.9592E-01  3.2064E-02 -3.6961E-02
  1.2275E+00  4.2496E+00 -8.0517E-02  1.1124E+01  0.0000E+00  1.3462E+02
  0.0000E+00 -3.5000E+01  1.2100E+02  5.5000E-01  0.0000E+00  0.0000E+00
  0.0000E+00  0.0000E+00
  2.0000E+01  8.5663E+01 -2.4440E-02  1.9271E-01  3.5663E-02 -4.1059E-02
  2.3164E+00  4.2056E+00 -9.7181E-02  1.4875E+01  0.0000E+00  1.3462E+02
  0.0000E+00 -3.5000E+01  1.2100E+02  5.5000E-01  0.0000E+00  0.0000E+00
  0.0000E+00  0.0000E+00

  2.5000E+01  1.0657E+02  5.4111E-01  1.8751E-01 -1.7740E-01 -3.6639E-02
  3.6962E+00  4.1568E+00 -1.0699E-01  1.8091E+01  0.0000E+00  1.3462E+02
  0.0000E+00 -3.5000E+01  1.2100E+02  5.5000E-01  0.0000E+00  0.0000E+00
  0.0000E+00  0.0000E+00
  3.0000E+01  1.2721E+02  1.5976E+00  3.6121E-03 -1.9607E-01 -1.0104E-02
  5.3192E+00  4.1059E+00 -1.1229E-01  2.0690E+01  0.0000E+00  1.3462E+02
  0.0000E+00 -3.5000E+01  1.2100E+02  5.5000E-01  0.0000E+00  0.0000E+00
  0.0000E+00  0.0000E+00
  3.5000E+01  1.4755E+02  3.2289E+00  1.7755E-01 -2.9846E-01 -3.5481E-02
  7.1343E+00  4.0535E+00 -1.1351E-01  2.2710E+01  0.0000E+00  1.3462E+02
  0.0000E+00 -3.5000E+01  1.2100E+02  5.5000E-01  0.0000E+00  0.0000E+00
  0.0000E+00  0.0000E+00
  4.0000E+01  1.6756E+02  5.4938E+00  1.7188E-01 -3.2337E-01 -3.6293E-02
  9.0963E+00  4.0015E+00 -1.1222E-01  2.4217E+01  0.0000E+00  1.3462E+02
  0.0000E+00 -3.5000E+01  1.2100E+02  5.5000E-01  0.0000E+00  0.0000E+00
  0.0000E+00  0.0000E+00
  4.5000E+01  1.8723E+02  8.4268E+00  1.6744E-01 -3.5522E-01 -3.3471E-02
  1.1165E+01  3.9515E+00 -1.0969E-01  2.5292E+01  0.0000E+00  1.3462E+02
  0.0000E+00 -3.5000E+01  1.2100E+02  5.5000E-01  0.0000E+00  0.0000E+00
  0.0000E+00  0.0000E+00
##          0         121   20190918  160213
##      1    3789                                       


  5.0000E+01  2.0654E+02  1.2043E+01  1.6201E-01 -3.7010E-01 -3.2780E-02
  1.3310E+01  3.9037E+00 -1.0678E-01  2.6035E+01  0.0000E+00  1.3462E+02
  0.0000E+00 -3.5000E+01  1.2100E+02  5.5000E-01  0.0000E+00  0.0000E+00
  0.0000E+00  0.0000E+00
  5.5000E+01  2.2547E+02  1.6344E+01  1.5818E-01 -3.7270E-01 -3.0887E-02
  1.5505E+01  3.8592E+00 -1.0409E-01  2.6526E+01  0.0000E+00  1.3462E+02
  0.0000E+00 -3.5000E+01  1.2100E+02  5.5000E-01  0.0000E+00  0.0000E+00
  0.0000E+00  0.0000E+00
  6.0000E+01  2.4401E+02  2.1324E+01  1.5354E-01 -3.7733E-01 -2.9639E-02
  1.7733E+01  3.8175E+00 -1.0181E-01  2.6840E+01  0.0000E+00  1.3462E+02
  0.0000E+00 -3.5000E+01  1.2100E+02  5.5000E-01  0.0000E+00  0.0000E+00
  0.0000E+00  0.0000E+00
  6.5000E+01  2.6215E+02  2.6969E+01  1.5022E-01 -3.7178E-01 -2.8272E-02
  1.9982E+01  3.7792E+00 -1.0004E-01  2.7030E+01  0.0000E+00  1.3462E+02
  0.0000E+00 -3.5000E+01  1.2100E+02  5.5000E-01  0.0000E+00  0.0000E+00
  0.0000E+00  0.0000E+00
  7.0000E+01  2.7987E+02  3.3264E+01  1.4647E-01 -3.7060E-01 -2.7050E-02
  2.2243E+01  3.7436E+00 -9.8721E-02  2.7135E+01  0.0000E+00  1.3462E+02
  0.0000E+00 -3.5000E+01  1.2100E+02  5.5000E-01  0.0000E+00  0.0000E+00
  0.0000E+00  0.0000E+00

  7.5000E+01  2.9718E+02  4.0193E+01  1.4358E-01 -3.6437E-01 -2.5971E-02
  2.4511E+01  3.7108E+00 -9.7799E-02  2.7184E+01  0.0000E+00  1.3462E+02
  0.0000E+00 -3.5000E+01  1.2100E+02  5.5000E-01  0.0000E+00  0.0000E+00
  0.0000E+00  0.0000E+00
  8.0000E+01  3.1405E+02  4.7736E+01  1.4055E-01 -3.6036E-01 -2.4931E-02
  2.6781E+01  3.6804E+00 -9.7201E-02  2.7199E+01  0.0000E+00  1.3462E+02
  0.0000E+00 -3.5000E+01  1.2100E+02  5.5000E-01  0.0000E+00  0.0000E+00
  0.0000E+00  0.0000E+00
  8.5000E+01  3.3048E+02  5.5875E+01  1.3805E-01 -3.5492E-01 -2.4020E-02
  2.9051E+01  3.6523E+00 -9.6860E-02  2.7194E+01  0.0000E+00  1.3462E+02
  0.0000E+00 -3.5000E+01  1.2100E+02  5.5000E-01  0.0000E+00  0.0000E+00
  0.0000E+00  0.0000E+00
  9.0000E+01  3.4646E+02  6.4592E+01  1.3557E-01 -3.5005E-01 -2.3154E-02
  3.1321E+01  3.6263E+00 -9.6731E-02  2.7180E+01  0.0000E+00  1.3462E+02
  0.0000E+00 -3.5000E+01  1.2100E+02  5.5000E-01  0.0000E+00  0.0000E+00
  0.0000E+00  0.0000E+00
  9.5000E+01  3.6197E+02  7.3868E+01  1.3343E-01 -3.4557E-01 -2.2378E-02
  3.3589E+01  3.6022E+00 -9.6757E-02  2.7162E+01  0.0000E+00  1.3462E+02
  0.0000E+00 -3.5000E+01  1.2100E+02  5.5000E-01  0.0000E+00  0.0000E+00
  0.0000E+00  0.0000E+00
##          0         121   20190918  160214
##      1    3789                                       


  1.0000E+02  3.7701E+02  8.3684E+01  1.3137E-01 -3.4139E-01 -2.1678E-02
  3.5855E+01  3.5799E+00 -9.6892E-02  2.7145E+01  0.0000E+00  1.3462E+02
  0.0000E+00 -3.5000E+01  1.2100E+02  5.5000E-01  0.0000E+00  0.0000E+00
  0.0000E+00  0.0000E+00
  1.0500E+02  3.9157E+02  9.4022E+01  1.2955E-01 -3.3774E-01 -2.1031E-02
  3.8121E+01  3.5592E+00 -9.7101E-02  2.7130E+01  0.0000E+00  1.3462E+02
  0.0000E+00 -3.5000E+01  1.2100E+02  5.5000E-01  0.0000E+00  0.0000E+00
  0.0000E+00  0.0000E+00
  1.1000E+02  4.0563E+02  1.0486E+02  1.2782E-01 -3.3435E-01 -2.0451E-02
  4.0385E+01  3.5399E+00 -9.7358E-02  2.7118E+01  0.0000E+00  1.3462E+02
  0.0000E+00 -3.5000E+01  1.2100E+02  5.5000E-01  0.0000E+00  0.0000E+00
  0.0000E+00  0.0000E+00
  1.1500E+02  4.1918E+02  1.1619E+02  1.2625E-01 -3.3136E-01 -1.9912E-02
  4.2648E+01  3.5219E+00 -9.7646E-02  2.7108E+01  0.0000E+00  1.3462E+02
  0.0000E+00 -3.5000E+01  1.2100E+02  5.5000E-01  0.0000E+00  0.0000E+00
  0.0000E+00  0.0000E+00
  1.2000E+02  4.3221E+02  1.2798E+02  1.2477E-01 -3.2862E-01 -1.9422E-02
  4.4911E+01  3.5050E+00 -9.7952E-02  2.7102E+01  0.0000E+00  1.3462E+02
  0.0000E+00 -3.5000E+01  1.2100E+02  5.5000E-01  0.0000E+00  0.0000E+00
  0.0000E+00  0.0000E+00

  1.2500E+02  4.4471E+02  1.4021E+02  1.2342E-01 -3.2615E-01 -1.8969E-02
  4.7173E+01  3.4892E+00 -9.8266E-02  2.7099E+01  0.0000E+00  1.3462E+02
  0.0000E+00 -3.5000E+01  1.2100E+02  5.5000E-01  0.0000E+00  0.0000E+00
  0.0000E+00  0.0000E+00
  1.3000E+02  4.5666E+02  1.5287E+02  1.2214E-01 -3.2390E-01 -1.8552E-02
  4.9435E+01  3.4744E+00 -9.8582E-02  2.7098E+01  0.0000E+00  1.3462E+02
  0.0000E+00 -3.5000E+01  1.2100E+02  5.5000E-01  0.0000E+00  0.0000E+00
  0.0000E+00  0.0000E+00
  1.3500E+02  4.6807E+02  1.6594E+02  1.2096E-01 -3.2185E-01 -1.8166E-02
  5.1697E+01  3.4605E+00 -9.8897E-02  2.7099E+01  0.0000E+00  1.3462E+02
  0.0000E+00 -3.5000E+01  1.2100E+02  5.5000E-01  0.0000E+00  0.0000E+00
  0.0000E+00  0.0000E+00
  1.4000E+02  4.7891E+02  1.7939E+02  1.1986E-01 -3.1998E-01 -1.7808E-02
  5.3959E+01  3.4474E+00 -9.9208E-02  2.7101E+01  0.0000E+00  1.3462E+02
  0.0000E+00 -3.5000E+01  1.2100E+02  5.5000E-01  0.0000E+00  0.0000E+00
  0.0000E+00  0.0000E+00
  1.4500E+02  4.8917E+02  1.9321E+02  1.1882E-01 -3.1825E-01 -1.7476E-02
  5.6221E+01  3.4351E+00 -9.9513E-02  2.7105E+01  0.0000E+00  1.3462E+02
  0.0000E+00 -3.5000E+01  1.2100E+02  5.5000E-01  0.0000E+00  0.0000E+00
  0.0000E+00  0.0000E+00
##          0         121   20190918  160214
##      1    3789                                       


  1.5000E+02  4.9885E+02  2.0737E+02  1.1785E-01 -3.1667E-01 -1.7167E-02
  5.8484E+01  3.4235E+00 -9.9811E-02  2.7110E+01  0.0000E+00  1.3462E+02
  0.0000E+00 -3.5000E+01  1.2100E+02  5.5000E-01  0.0000E+00  0.0000E+00
  0.0000E+00  0.0000E+00
  1.5500E+02  5.0794E+02  2.2185E+02  1.1695E-01 -3.1519E-01 -1.6880E-02
  6.0747E+01  3.4125E+00 -1.0010E-01  2.7116E+01  0.0000E+00  1.3462E+02
  0.0000E+00 -3.5000E+01  1.2100E+02  5.5000E-01  0.0000E+00  0.0000E+00
  0.0000E+00  0.0000E+00
  1.6000E+02  5.1642E+02  2.3663E+02  1.1609E-01 -3.1384E-01 -1.6610E-02
  6.3011E+01  3.4022E+00 -1.0038E-01  2.7122E+01  0.0000E+00  1.3462E+02
  0.0000E+00 -3.5000E+01  1.2100E+02  5.5000E-01  0.0000E+00  0.0000E+00
  0.0000E+00  0.0000E+00
  1.6500E+02  5.2429E+02  2.5169E+02  1.1529E-01 -3.1257E-01 -1.6359E-02
  6.5276E+01  3.3924E+00 -1.0066E-01  2.7129E+01  0.0000E+00  1.3462E+02
  0.0000E+00 -3.5000E+01  1.2100E+02  5.5000E-01  0.0000E+00  0.0000E+00
  0.0000E+00  0.0000E+00
  1.7000E+02  5.3154E+02  2.6700E+02  1.1453E-01 -3.1139E-01 -1.6124E-02
  6.7540E+01  3.3831E+00 -1.0093E-01  2.7137E+01  0.0000E+00  1.3462E+02
  0.0000E+00 -3.5000E+01  1.2100E+02  5.5000E-01  0.0000E+00  0.0000E+00
  0.0000E+00  0.0000E+00

  1.7500E+02  5.3817E+02  2.8255E+02  1.1382E-01 -3.1029E-01 -1.5904E-02
  6.9806E+01  3.3743E+00 -1.0119E-01  2.7144E+01  0.0000E+00  1.3462E+02
  0.0000E+00 -3.5000E+01  1.2100E+02  5.5000E-01  0.0000E+00  0.0000E+00
  0.0000E+00  0.0000E+00
  1.8000E+02  5.4417E+02  2.9831E+02  1.1315E-01 -3.0926E-01 -1.5697E-02
  7.2072E+01  3.3660E+00 -1.0144E-01  2.7152E+01  0.0000E+00  1.3462E+02
  0.0000E+00 -3.5000E+01  1.2100E+02  5.5000E-01  0.0000E+00  0.0000E+00
  0.0000E+00  0.0000E+00
  1.8500E+02  5.4952E+02  3.1425E+02  1.1251E-01 -3.0830E-01 -1.5503E-02
  7.4339E+01  3.3581E+00 -1.0168E-01  2.7160E+01  0.0000E+00  1.3462E+02
  0.0000E+00 -3.5000E+01  1.2100E+02  5.5000E-01  0.0000E+00  0.0000E+00
  0.0000E+00  0.0000E+00
  1.9000E+02  5.5423E+02  3.3035E+02  1.1191E-01 -3.0740E-01 -1.5320E-02
  7.6606E+01  3.3506E+00 -1.0192E-01  2.7168E+01  0.0000E+00  1.3462E+02
  0.0000E+00 -3.5000E+01  1.2100E+02  5.5000E-01  0.0000E+00  0.0000E+00
  0.0000E+00  0.0000E+00
  1.9500E+02  5.5830E+02  3.4659E+02  1.1134E-01 -3.0656E-01 -1.5149E-02
  7.8874E+01  3.3435E+00 -1.0215E-01  2.7175E+01  0.0000E+00  1.3462E+02
  0.0000E+00 -3.5000E+01  1.2100E+02  5.5000E-01  0.0000E+00  0.0000E+00
  0.0000E+00  0.0000E+00
##          0         121   20190918  160214
##      1    3789                                       


  2.0000E+02  5.6171E+02  3.6295E+02  1.1081E-01 -3.0576E-01 -1.4987E-02
  8.1143E+01  3.3368E+00 -1.0238E-01  2.7183E+01  0.0000E+00  1.3462E+02
  0.0000E+00 -3.5000E+01  1.2100E+02  5.5000E-01  0.0000E+00  0.0000E+00
  0.0000E+00  0.0000E+00
  2.0500E+02  5.6447E+02  3.7939E+02  1.1030E-01 -3.0502E-01 -1.4835E-02
  8.3413E+01  3.3303E+00 -1.0259E-01  2.7191E+01  0.0000E+00  1.3462E+02
  0.0000E+00 -3.5000E+01  1.2100E+02  5.5000E-01  0.0000E+00  0.0000E+00
  0.0000E+00  0.0000E+00
  2.1000E+02  5.6658E+02  3.9590E+02  1.0982E-01 -3.0432E-01 -1.4691E-02
  8.5683E+01  3.3242E+00 -1.0280E-01  2.7199E+01  0.0000E+00  1.3462E+02
  0.0000E+00 -3.5000E+01  1.2100E+02  5.5000E-01  0.0000E+00  0.0000E+00
  0.0000E+00  0.0000E+00
  2.1500E+02  5.6803E+02  4.1245E+02  1.0936E-01 -3.0366E-01 -1.4555E-02
  8.7953E+01  3.3184E+00 -1.0300E-01  2.7206E+01  0.0000E+00  1.3462E+02
  0.0000E+00 -3.5000E+01  1.2100E+02  5.5000E-01  0.0000E+00  0.0000E+00
  0.0000E+00  0.0000E+00
  2.2000E+02  5.6882E+02  4.2902E+02  1.0893E-01 -3.0303E-01 -1.4427E-02
  9.0225E+01  3.3129E+00 -1.0320E-01  2.7214E+01  0.0000E+00  1.3462E+02
  0.0000E+00 -3.5000E+01  1.2100E+02  5.5000E-01  0.0000E+00  0.0000E+00
  0.0000E+00  0.0000E+00

  2.2500E+02  5.6896E+02  4.4557E+02  1.0852E-01 -3.0245E-01 -1.4305E-02
  9.2497E+01  3.3076E+00 -1.0339E-01  2.7221E+01  0.0000E+00  1.3462E+02
  0.0000E+00 -3.5000E+01  1.2100E+02  5.5000E-01  0.0000E+00  0.0000E+00
  0.0000E+00  0.0000E+00
  2.3000E+02  5.6844E+02  4.6210E+02  1.0813E-01 -3.0189E-01 -1.4191E-02
  9.4769E+01  3.3025E+00 -1.0358E-01  2.7228E+01  0.0000E+00  1.3462E+02
  0.0000E+00 -3.5000E+01  1.2100E+02  5.5000E-01  0.0000E+00  0.0000E+00
  0.0000E+00  0.0000E+00
  2.3500E+02  5.6727E+02  4.7856E+02  1.0776E-01 -3.0137E-01 -1.4082E-02
  9.7042E+01  3.2977E+00 -1.0376E-01  2.7235E+01  0.0000E+00  1.3462E+02
  0.0000E+00 -3.5000E+01  1.2100E+02  5.5000E-01  0.0000E+00  0.0000E+00
  0.0000E+00  0.0000E+00
  2.4000E+02  5.6545E+02  4.9495E+02  1.0740E-01 -3.0087E-01 -1.3980E-02
  9.9316E+01  3.2932E+00 -1.0393E-01  2.7242E+01  0.0000E+00  1.3462E+02
  0.0000E+00 -3.5000E+01  1.2100E+02  5.5000E-01  0.0000E+00  0.0000E+00
  0.0000E+00  0.0000E+00
  2.4500E+02  5.6299E+02  5.1122E+02  1.0707E-01 -3.0041E-01 -1.3882E-02
  1.0159E+02  3.2888E+00 -1.0410E-01  2.7249E+01  0.0000E+00  1.3462E+02
  0.0000E+00 -3.5000E+01  1.2100E+02  5.5000E-01  0.0000E+00  0.0000E+00
  0.0000E+00  0.0000E+00
##          0         121   20190918  160214
##      1    3789                                       


  2.5000E+02  5.5989E+02  5.2737E+02  1.0675E-01 -2.9996E-01 -1.3790E-02
  1.0387E+02  3.2846E+00 -1.0426E-01  2.7256E+01  0.0000E+00  1.3462E+02
  0.0000E+00 -3.5000E+01  1.2100E+02  5.5000E-01  0.0000E+00  0.0000E+00
  0.0000E+00  0.0000E+00
  2.5500E+02  5.5616E+02  5.4336E+02  1.0645E-01 -2.9954E-01 -1.3702E-02
  1.0614E+02  3.2806E+00 -1.0442E-01  2.7262E+01  0.0000E+00  1.3462E+02
  0.0000E+00 -3.5000E+01  1.2100E+02  5.5000E-01  0.0000E+00  0.0000E+00
  0.0000E+00  0.0000E+00
  2.6000E+02  5.5180E+02  5.5917E+02  1.0616E-01 -2.9914E-01 -1.3619E-02
  1.0842E+02  3.2768E+00 -1.0457E-01  2.7268E+01  0.0000E+00  1.3462E+02
  0.0000E+00 -3.5000E+01  1.2100E+02  5.5000E-01  0.0000E+00  0.0000E+00
  0.0000E+00  0.0000E+00
  2.6500E+02  5.4683E+02  5.7478E+02  1.0588E-01 -2.9877E-01 -1.3540E-02
  1.1069E+02  3.2732E+00 -1.0471E-01  2.7275E+01  0.0000E+00  1.3462E+02
  0.0000E+00 -3.5000E+01  1.2100E+02  5.5000E-01  0.0000E+00  0.0000E+00
  0.0000E+00  0.0000E+00
  2.7000E+02  5.4125E+02  5.9016E+02  1.0562E-01 -2.9841E-01 -1.3465E-02
  1.1297E+02  3.2697E+00 -1.0486E-01  2.7280E+01  0.0000E+00  1.3462E+02
  0.0000E+00 -3.5000E+01  1.2100E+02  5.5000E-01  0.0000E+00  0.0000E+00
  0.0000E+00  0.0000E+00

  2.7500E+02  5.3506E+02  6.0529E+02  1.0537E-01 -2.9807E-01 -1.3394E-02
  1.1525E+02  3.2663E+00 -1.0499E-01  2.7286E+01  0.0000E+00  1.3462E+02
  0.0000E+00 -3.5000E+01  1.2100E+02  5.5000E-01  0.0000E+00  0.0000E+00
  0.0000E+00  0.0000E+00
  2.8000E+02  5.2829E+02  6.2015E+02  1.0513E-01 -2.9775E-01 -1.3326E-02
  1.1753E+02  3.2632E+00 -1.0513E-01  2.7292E+01  0.0000E+00  1.3462E+02
  0.0000E+00 -3.5000E+01  1.2100E+02  5.5000E-01  0.0000E+00  0.0000E+00
  0.0000E+00  0.0000E+00
  2.8500E+02  5.2094E+02  6.3472E+02  1.0491E-01 -2.9744E-01 -1.3262E-02
  1.1980E+02  3.2601E+00 -1.0525E-01  2.7297E+01  0.0000E+00  1.3462E+02
  0.0000E+00 -3.5000E+01  1.2100E+02  5.5000E-01  0.0000E+00  0.0000E+00
  0.0000E+00  0.0000E+00
  2.9000E+02  5.1303E+02  6.4897E+02  1.0469E-01 -2.9715E-01 -1.3201E-02
  1.2208E+02  3.2572E+00 -1.0538E-01  2.7303E+01  0.0000E+00  1.3462E+02
  0.0000E+00 -3.5000E+01  1.2100E+02  5.5000E-01  0.0000E+00  0.0000E+00
  0.0000E+00  0.0000E+00
  2.9500E+02  5.0456E+02  6.6288E+02  1.0448E-01 -2.9687E-01 -1.3143E-02
  1.2436E+02  3.2544E+00 -1.0550E-01  2.7308E+01  0.0000E+00  1.3462E+02
  0.0000E+00 -3.5000E+01  1.2100E+02  5.5000E-01  0.0000E+00  0.0000E+00
  0.0000E+00  0.0000E+00
##          0         121   20190918  160214
##      1    3789                                       


  3.0000E+02  4.9556E+02  6.7644E+02  1.0429E-01 -2.9661E-01 -1.3087E-02
  1.2664E+02  3.2517E+00 -1.0561E-01  2.7313E+01  0.0000E+00  1.3462E+02
  0.0000E+00 -3.5000E+01  1.2100E+02  5.5000E-01  0.0000E+00  0.0000E+00
  0.0000E+00  0.0000E+00
  3.0500E+02  4.8603E+02  6.8961E+02  1.0410E-01 -2.9636E-01 -1.3035E-02
  1.2892E+02  3.2491E+00 -1.0572E-01  2.7318E+01  0.0000E+00  1.3462E+02
  0.0000E+00 -3.5000E+01  1.2100E+02  5.5000E-01  0.0000E+00  0.0000E+00
  0.0000E+00  0.0000E+00
  3.1000E+02  4.7600E+02  7.0239E+02  1.0392E-01 -2.9612E-01 -1.2984E-02
  1.3120E+02  3.2467E+00 -1.0583E-01  2.7322E+01  0.0000E+00  1.3462E+02
  0.0000E+00 -3.5000E+01  1.2100E+02  5.5000E-01  0.0000E+00  0.0000E+00
  0.0000E+00  0.0000E+00
  3.1500E+02  4.6547E+02  7.1474E+02  1.0375E-01 -2.9589E-01 -1.2936E-02
  1.3348E+02  3.2443E+00 -1.0593E-01  2.7327E+01  0.0000E+00  1.3462E+02
  0.0000E+00 -3.5000E+01  1.2100E+02  5.5000E-01  0.0000E+00  0.0000E+00
  0.0000E+00  0.0000E+00
  3.2000E+02  4.5447E+02  7.2667E+02  1.0358E-01 -2.9567E-01 -1.2891E-02
  1.3576E+02  3.2421E+00 -1.0603E-01  2.7331E+01  0.0000E+00  1.3462E+02
  0.0000E+00 -3.5000E+01  1.2100E+02  5.5000E-01  0.0000E+00  0.0000E+00
  0.0000E+00  0.0000E+00

  3.2500E+02  4.4301E+02  7.3813E+02  1.0343E-01 -2.9546E-01 -1.2848E-02
  1.3804E+02  3.2399E+00 -1.0613E-01  2.7336E+01  0.0000E+00  1.3462E+02
  0.0000E+00 -3.5000E+01  1.2100E+02  5.5000E-01  0.0000E+00  0.0000E+00
  0.0000E+00  0.0000E+00
  3.3000E+02  4.3111E+02  7.4913E+02  1.0328E-01 -2.9526E-01 -1.2806E-02
  1.4033E+02  3.2378E+00 -1.0622E-01  2.7340E+01  0.0000E+00  1.3462E+02
  0.0000E+00 -3.5000E+01  1.2100E+02  5.5000E-01  0.0000E+00  0.0000E+00
  0.0000E+00  0.0000E+00
  3.3500E+02  4.1879E+02  7.5963E+02  1.0314E-01 -2.9508E-01 -1.2767E-02
  1.4261E+02  3.2358E+00 -1.0631E-01  2.7344E+01  0.0000E+00  1.3462E+02
  0.0000E+00 -3.5000E+01  1.2100E+02  5.5000E-01  0.0000E+00  0.0000E+00
  0.0000E+00  0.0000E+00
  3.4000E+02  4.0607E+02  7.6964E+02  1.0300E-01 -2.9490E-01 -1.2729E-02
  1.4489E+02  3.2339E+00 -1.0640E-01  2.7348E+01  0.0000E+00  1.3462E+02
  0.0000E+00 -3.5000E+01  1.2100E+02  5.5000E-01  0.0000E+00  0.0000E+00
  0.0000E+00  0.0000E+00
  3.4500E+02  3.9297E+02  7.7912E+02  1.0287E-01 -2.9472E-01 -1.2693E-02
  1.4717E+02  3.2320E+00 -1.0649E-01  2.7351E+01  0.0000E+00  1.3462E+02
  0.0000E+00 -3.5000E+01  1.2100E+02  5.5000E-01  0.0000E+00  0.0000E+00
  0.0000E+00  0.0000E+00
##          0         121   20190918  160215
##      1    3789                                       


  3.5000E+02  3.7951E+02  7.8807E+02  1.0275E-01 -2.9456E-01 -1.2659E-02
  1.4946E+02  3.2303E+00 -1.0657E-01  2.7355E+01  0.0000E+00  1.3462E+02
  0.0000E+00 -3.5000E+01  1.2100E+02  5.5000E-01  0.0000E+00  0.0000E+00
  0.0000E+00  0.0000E+00
  3.5500E+02  3.6571E+02  7.9647E+02  1.0263E-01 -2.9440E-01 -1.2627E-02
  1.5174E+02  3.2286E+00 -1.0664E-01  2.7358E+01  0.0000E+00  1.3462E+02
  0.0000E+00 -3.5000E+01  1.2100E+02  5.5000E-01  0.0000E+00  0.0000E+00
  0.0000E+00  0.0000E+00
  3.6000E+02  3.5160E+02  8.0431E+02  1.0252E-01 -2.9425E-01 -1.2596E-02
  1.5402E+02  3.2270E+00 -1.0672E-01  2.7362E+01  0.0000E+00  1.3462E+02
  0.0000E+00 -3.5000E+01  1.2100E+02  5.5000E-01  0.0000E+00  0.0000E+00
  0.0000E+00  0.0000E+00
  3.6500E+02  3.3719E+02  8.1158E+02  1.0241E-01 -2.9411E-01 -1.2566E-02
  1.5631E+02  3.2254E+00 -1.0679E-01  2.7365E+01  0.0000E+00  1.3462E+02
  0.0000E+00 -3.5000E+01  1.2100E+02  5.5000E-01  0.0000E+00  0.0000E+00
  0.0000E+00  0.0000E+00
  3.7000E+02  3.2251E+02  8.1827E+02  1.0231E-01 -2.9397E-01 -1.2538E-02
  1.5859E+02  3.2239E+00 -1.0686E-01  2.7368E+01  0.0000E+00  1.3462E+02
  0.0000E+00 -3.5000E+01  1.2100E+02  5.5000E-01  0.0000E+00  0.0000E+00
  0.0000E+00  0.0000E+00

  3.7500E+02  3.0759E+02  8.2436E+02  1.0221E-01 -2.9384E-01 -1.2511E-02
  1.6088E+02  3.2224E+00 -1.0693E-01  2.7371E+01  0.0000E+00  1.3462E+02
  0.0000E+00 -3.5000E+01  1.2100E+02  5.5000E-01  0.0000E+00  0.0000E+00
  0.0000E+00  0.0000E+00
  3.8000E+02  2.9244E+02  8.2985E+02  1.0211E-01 -2.9371E-01 -1.2486E-02
  1.6316E+02  3.2211E+00 -1.0699E-01  2.7374E+01  0.0000E+00  1.3462E+02
  0.0000E+00 -3.5000E+01  1.2100E+02  5.5000E-01  0.0000E+00  0.0000E+00
  0.0000E+00  0.0000E+00
  3.8500E+02  2.7708E+02  8.3474E+02  1.0202E-01 -2.9359E-01 -1.2461E-02
  1.6545E+02  3.2197E+00 -1.0706E-01  2.7377E+01  0.0000E+00  1.3462E+02
  0.0000E+00 -3.5000E+01  1.2100E+02  5.5000E-01  0.0000E+00  0.0000E+00
  0.0000E+00  0.0000E+00
  3.9000E+02  2.6156E+02  8.3900E+02  1.0194E-01 -2.9347E-01 -1.2438E-02
  1.6773E+02  3.2184E+00 -1.0712E-01  2.7380E+01  0.0000E+00  1.3462E+02
  0.0000E+00 -3.5000E+01  1.2100E+02  5.5000E-01  0.0000E+00  0.0000E+00
  0.0000E+00  0.0000E+00
  3.9500E+02  2.4588E+02  8.4265E+02  1.0186E-01 -2.9336E-01 -1.2416E-02
  1.7002E+02  3.2172E+00 -1.0717E-01  2.7382E+01  0.0000E+00  1.3462E+02
  0.0000E+00 -3.5000E+01  1.2100E+02  5.5000E-01  0.0000E+00  0.0000E+00
  0.0000E+00  0.0000E+00
##          0         121   20190918  160215
##      1    3789                                       


  4.0000E+02  2.3007E+02  8.4566E+02  1.0178E-01 -2.9326E-01 -1.2394E-02
  1.7230E+02  3.2160E+00 -1.0723E-01  2.7385E+01  0.0000E+00  1.3462E+02
  0.0000E+00 -3.5000E+01  1.2100E+02  5.5000E-01  0.0000E+00  0.0000E+00
  0.0000E+00  0.0000E+00
  4.0500E+02  2.1417E+02  8.4804E+02  1.0170E-01 -2.9316E-01 -1.2374E-02
  1.7459E+02  3.2149E+00 -1.0728E-01  2.7387E+01  0.0000E+00  1.3462E+02
  0.0000E+00 -3.5000E+01  1.2100E+02  5.5000E-01  0.0000E+00  0.0000E+00
  0.0000E+00  0.0000E+00
  4.1000E+02  1.9818E+02  8.4978E+02  1.0163E-01 -2.9306E-01 -1.2354E-02
  1.7688E+02  3.2138E+00 -1.0734E-01  2.7390E+01  0.0000E+00  1.3462E+02
  0.0000E+00 -3.5000E+01  1.2100E+02  5.5000E-01  0.0000E+00  0.0000E+00
  0.0000E+00  0.0000E+00
  4.1500E+02  1.8215E+02  8.5089E+02  1.0156E-01 -2.9296E-01 -1.2336E-02
  1.7916E+02  3.2128E+00 -1.0739E-01  2.7392E+01  0.0000E+00  1.3462E+02
  0.0000E+00 -3.5000E+01  1.2100E+02  5.5000E-01  0.0000E+00  0.0000E+00
  0.0000E+00  0.0000E+00
  4.2000E+02  1.6608E+02  8.5135E+02  1.0150E-01 -2.9287E-01 -1.2318E-02
  1.8145E+02  3.2117E+00 -1.0743E-01  2.7394E+01  0.0000E+00  1.3462E+02
  0.0000E+00 -3.5000E+01  1.2100E+02  5.5000E-01  0.0000E+00  0.0000E+00
  0.0000E+00  0.0000E+00

  4.2500E+02  1.5002E+02  8.5118E+02  1.0143E-01 -2.9279E-01 -1.2301E-02
  1.8374E+02  3.2108E+00 -1.0748E-01  2.7396E+01  0.0000E+00  1.3462E+02
  0.0000E+00 -3.5000E+01  1.2100E+02  5.5000E-01  0.0000E+00  0.0000E+00
  0.0000E+00  0.0000E+00
  4.3000E+02  1.3398E+02  8.5036E+02  1.0137E-01 -2.9271E-01 -1.2285E-02
  1.8602E+02  3.2098E+00 -1.0753E-01  2.7398E+01  0.0000E+00  1.3462E+02
  0.0000E+00 -3.5000E+01  1.2100E+02  5.5000E-01  0.0000E+00  0.0000E+00
  0.0000E+00  0.0000E+00
  4.3500E+02  1.1800E+02  8.4890E+02  1.0132E-01 -2.9263E-01 -1.2270E-02
  1.8831E+02  3.2089E+00 -1.0757E-01  2.7400E+01  0.0000E+00  1.3462E+02
  0.0000E+00 -3.5000E+01  1.2100E+02  5.5000E-01  0.0000E+00  0.0000E+00
  0.0000E+00  0.0000E+00
  4.4000E+02  1.0208E+02  8.4681E+02  1.0126E-01 -2.9255E-01 -1.2256E-02
  1.9060E+02  3.2081E+00 -1.0761E-01  2.7402E+01  0.0000E+00  1.3462E+02
  0.0000E+00 -3.5000E+01  1.2100E+02  5.5000E-01  0.0000E+00  0.0000E+00
  0.0000E+00  0.0000E+00
  4.4500E+02  8.6271E+01  8.4409E+02  1.0121E-01 -2.9248E-01 -1.2242E-02
  1.9288E+02  3.2072E+00 -1.0765E-01  2.7404E+01  0.0000E+00  1.3462E+02
  0.0000E+00 -3.5000E+01  1.2100E+02  5.5000E-01  0.0000E+00  0.0000E+00
  0.0000E+00  0.0000E+00
##          0         121   20190918  160215
##      1    3789                                       


  4.5000E+02  7.0583E+01  8.4074E+02  1.0116E-01 -2.9241E-01 -1.2228E-02
  1.9517E+02  3.2064E+00 -1.0769E-01  2.7406E+01  0.0000E+00  1.3462E+02
  0.0000E+00 -3.5000E+01  1.2100E+02  5.5000E-01  0.0000E+00  0.0000E+00
  0.0000E+00  0.0000E+00
  4.5500E+02  5.5046E+01  8.3677E+02  1.0111E-01 -2.9235E-01 -1.2215E-02
  1.9746E+02  3.2057E+00 -1.0772E-01  2.7407E+01  0.0000E+00  1.3462E+02
  0.0000E+00 -3.5000E+01  1.2100E+02  5.5000E-01  0.0000E+00  0.0000E+00
  0.0000E+00  0.0000E+00
  4.6000E+02  3.9683E+01  8.3218E+02  1.0107E-01 -2.9229E-01 -1.2203E-02
  1.9975E+02  3.2049E+00 -1.0775E-01  2.7409E+01  0.0000E+00  1.3462E+02
  0.0000E+00 -3.5000E+01  1.2100E+02  5.5000E-01  0.0000E+00  0.0000E+00
  0.0000E+00  0.0000E+00
  4.6500E+02  2.4519E+01  8.2698E+02  1.0102E-01 -2.9223E-01 -1.2191E-02
  2.0203E+02  3.2042E+00 -1.0778E-01  2.7410E+01  0.0000E+00  1.3462E+02
  0.0000E+00 -3.5000E+01  1.2100E+02  5.5000E-01  0.0000E+00  0.0000E+00
  0.0000E+00  0.0000E+00
  4.7000E+02  9.5773E+00  8.2118E+02  1.0098E-01 -2.9216E-01 -1.2180E-02
  2.0432E+02  3.2035E+00 -1.0781E-01  2.7412E+01  0.0000E+00  1.3462E+02
  0.0000E+00 -3.5000E+01  1.2100E+02  5.5000E-01  0.0000E+00  0.0000E+00
  0.0000E+00  0.0000E+00

  4.7500E+02 -5.1179E+00  8.1480E+02  1.0094E-01 -2.9210E-01 -1.2168E-02
  2.0661E+02  3.2029E+00 -1.0783E-01  2.7413E+01  0.0000E+00  1.3462E+02
  0.0000E+00 -3.5000E+01  1.2100E+02  5.5000E-01  0.0000E+00  0.0000E+00
  0.0000E+00  0.0000E+00
  4.8000E+02 -1.9544E+01  8.0783E+02  1.0090E-01 -2.9204E-01 -1.2158E-02
  2.0890E+02  3.2023E+00 -1.0785E-01  2.7414E+01  0.0000E+00  1.3462E+02
  0.0000E+00 -3.5000E+01  1.2100E+02  5.5000E-01  0.0000E+00  0.0000E+00
  0.0000E+00  0.0000E+00
  4.8500E+02 -3.3677E+01  8.0029E+02  1.0087E-01 -2.9199E-01 -1.2148E-02
  2.1119E+02  3.2017E+00 -1.0787E-01  2.7415E+01  0.0000E+00  1.3462E+02
  0.0000E+00 -3.5000E+01  1.2100E+02  5.5000E-01  0.0000E+00  0.0000E+00
  0.0000E+00  0.0000E+00
  4.9000E+02 -4.7496E+01  7.9220E+02  1.0083E-01 -2.9193E-01 -1.2139E-02
  2.1348E+02  3.2011E+00 -1.0789E-01  2.7416E+01  0.0000E+00  1.3462E+02
  0.0000E+00 -3.5000E+01  1.2100E+02  5.5000E-01  0.0000E+00  0.0000E+00
  0.0000E+00  0.0000E+00
  4.9500E+02 -6.0978E+01  7.8356E+02  1.0080E-01 -2.9187E-01 -1.2129E-02
  2.1576E+02  3.2005E+00 -1.0791E-01  2.7417E+01  0.0000E+00  1.3462E+02
  0.0000E+00 -3.5000E+01  1.2100E+02  5.5000E-01  0.0000E+00  0.0000E+00
  0.0000E+00  0.0000E+00
##          0         121   20190918  160215
##      1    3789                                       


  5.0000E+02 -7.4103E+01  7.7440E+02  1.0077E-01 -2.9182E-01 -1.2121E-02
  2.1805E+02  3.2000E+00 -1.0793E-01  2.7418E+01  0.0000E+00  1.3462E+02
  0.0000E+00 -3.5000E+01  1.2100E+02  5.5000E-01  0.0000E+00  0.0000E+00
  0.0000E+00  0.0000E+00
  5.0500E+02 -8.6849E+01  7.6472E+02  1.0074E-01 -2.9176E-01 -1.2112E-02
  2.2034E+02  3.1995E+00 -1.0795E-01  2.7418E+01  0.0000E+00  1.3462E+02
  0.0000E+00 -3.5000E+01  1.2100E+02  5.5000E-01  0.0000E+00  0.0000E+00
  0.0000E+00  0.0000E+00
  5.1000E+02 -9.9197E+01  7.5453E+02  1.0071E-01 -2.9171E-01 -1.2104E-02
  2.2263E+02  3.1990E+00 -1.0797E-01  2.7419E+01  0.0000E+00  1.3462E+02
  0.0000E+00 -3.5000E+01  1.2100E+02  5.5000E-01  0.0000E+00  0.0000E+00
  0.0000E+00  0.0000E+00
  5.1500E+02 -1.1113E+02  7.4387E+02  1.0068E-01 -2.9166E-01 -1.2097E-02
  2.2492E+02  3.1986E+00 -1.0798E-01  2.7420E+01  0.0000E+00  1.3462E+02
  0.0000E+00 -3.5000E+01  1.2100E+02  5.5000E-01  0.0000E+00  0.0000E+00
  0.0000E+00  0.0000E+00
  5.2000E+02 -1.2262E+02  7.3274E+02  1.0066E-01 -2.9162E-01 -1.2089E-02
  2.2721E+02  3.1981E+00 -1.0800E-01  2.7420E+01  0.0000E+00  1.3462E+02
  0.0000E+00 -3.5000E+01  1.2100E+02  5.5000E-01  0.0000E+00  0.0000E+00
  0.0000E+00  0.0000E+00

  5.2500E+02 -1.3366E+02  7.2116E+02  1.0063E-01 -2.9157E-01 -1.2082E-02
  2.2950E+02  3.1977E+00 -1.0801E-01  2.7421E+01  0.0000E+00  1.3462E+02
  0.0000E+00 -3.5000E+01  1.2100E+02  5.5000E-01  0.0000E+00  0.0000E+00
  0.0000E+00  0.0000E+00
  5.3000E+02 -1.4422E+02  7.0915E+02  1.0061E-01 -2.9153E-01 -1.2076E-02
  2.3178E+02  3.1973E+00 -1.0803E-01  2.7421E+01  0.0000E+00  1.3462E+02
  0.0000E+00 -3.5000E+01  1.2100E+02  5.5000E-01  0.0000E+00  0.0000E+00
  0.0000E+00  0.0000E+00
  5.3500E+02 -1.5430E+02  6.9673E+02  1.0059E-01 -2.9149E-01 -1.2069E-02
  2.3407E+02  3.1969E+00 -1.0804E-01  2.7422E+01  0.0000E+00  1.3462E+02
  0.0000E+00 -3.5000E+01  1.2100E+02  5.5000E-01  0.0000E+00  0.0000E+00
  0.0000E+00  0.0000E+00
  5.4000E+02 -1.6387E+02  6.8392E+02  1.0056E-01 -2.9144E-01 -1.2063E-02
  2.3636E+02  3.1965E+00 -1.0805E-01  2.7422E+01  0.0000E+00  1.3462E+02
  0.0000E+00 -3.5000E+01  1.2100E+02  5.5000E-01  0.0000E+00  0.0000E+00
  0.0000E+00  0.0000E+00
  5.4500E+02 -1.7292E+02  6.7074E+02  1.0054E-01 -2.9141E-01 -1.2057E-02
  2.3865E+02  3.1962E+00 -1.0806E-01  2.7423E+01  0.0000E+00  1.3462E+02
  0.0000E+00 -3.5000E+01  1.2100E+02  5.5000E-01  0.0000E+00  0.0000E+00
  0.0000E+00  0.0000E+00
##          0         121   20190918  160216
##      1    3789                                       


  5.5000E+02 -1.8144E+02  6.5721E+02  1.0052E-01 -2.9137E-01 -1.2052E-02
  2.4094E+02  3.1958E+00 -1.0808E-01  2.7423E+01  0.0000E+00  1.3462E+02
  0.0000E+00 -3.5000E+01  1.2100E+02  5.5000E-01  0.0000E+00  0.0000E+00
  0.0000E+00  0.0000E+00
  5.5500E+02 -1.8941E+02  6.4335E+02  1.0050E-01 -2.9133E-01 -1.2046E-02
  2.4323E+02  3.1955E+00 -1.0809E-01  2.7424E+01  0.0000E+00  1.3462E+02
  0.0000E+00 -3.5000E+01  1.2100E+02  5.5000E-01  0.0000E+00  0.0000E+00
  0.0000E+00  0.0000E+00
  5.6000E+02 -1.9681E+02  6.2919E+02  1.0048E-01 -2.9130E-01 -1.2041E-02
  2.4552E+02  3.1952E+00 -1.0810E-01  2.7424E+01  0.0000E+00  1.3462E+02
  0.0000E+00 -3.5000E+01  1.2100E+02  5.5000E-01  0.0000E+00  0.0000E+00
  0.0000E+00  0.0000E+00
  5.6500E+02 -2.0365E+02  6.1474E+02  1.0047E-01 -2.9126E-01 -1.2036E-02
  2.4781E+02  3.1949E+00 -1.0811E-01  2.7424E+01  0.0000E+00  1.3462E+02
  0.0000E+00 -3.5000E+01  1.2100E+02  5.5000E-01  0.0000E+00  0.0000E+00
  0.0000E+00  0.0000E+00
  5.7000E+02 -2.0990E+02  6.0004E+02  1.0045E-01 -2.9123E-01 -1.2031E-02
  2.5010E+02  3.1946E+00 -1.0812E-01  2.7425E+01  0.0000E+00  1.3462E+02
  0.0000E+00 -3.5000E+01  1.2100E+02  5.5000E-01  0.0000E+00  0.0000E+00
  0.0000E+00  0.0000E+00

  5.7500E+02 -2.1556E+02  5.8509E+02  1.0043E-01 -2.9120E-01 -1.2026E-02
  2.5239E+02  3.1943E+00 -1.0813E-01  2.7425E+01  0.0000E+00  1.3462E+02
  0.0000E+00 -3.5000E+01  1.2100E+02  5.5000E-01  0.0000E+00  0.0000E+00
  0.0000E+00  0.0000E+00
  5.8000E+02 -2.2062E+02  5.6994E+02  1.0042E-01 -2.9117E-01 -1.2022E-02
  2.5468E+02  3.1941E+00 -1.0814E-01  2.7425E+01  0.0000E+00  1.3462E+02
  0.0000E+00 -3.5000E+01  1.2100E+02  5.5000E-01  0.0000E+00  0.0000E+00
  0.0000E+00  0.0000E+00
  5.8500E+02 -2.2507E+02  5.5459E+02  1.0040E-01 -2.9114E-01 -1.2017E-02
  2.5696E+02  3.1938E+00 -1.0814E-01  2.7426E+01  0.0000E+00  1.3462E+02
  0.0000E+00 -3.5000E+01  1.2100E+02  5.5000E-01  0.0000E+00  0.0000E+00
  0.0000E+00  0.0000E+00
  5.9000E+02 -2.2890E+02  5.3908E+02  1.0038E-01 -2.9112E-01 -1.2013E-02
  2.5925E+02  3.1936E+00 -1.0815E-01  2.7426E+01  0.0000E+00  1.3462E+02
  0.0000E+00 -3.5000E+01  1.2100E+02  5.5000E-01  0.0000E+00  0.0000E+00
  0.0000E+00  0.0000E+00
  5.9500E+02 -2.3211E+02  5.2343E+02  1.0037E-01 -2.9109E-01 -1.2009E-02
  2.6154E+02  3.1934E+00 -1.0816E-01  2.7426E+01  0.0000E+00  1.3462E+02
  0.0000E+00 -3.5000E+01  1.2100E+02  5.5000E-01  0.0000E+00  0.0000E+00
  0.0000E+00  0.0000E+00
##          0         121   20190918  160216
##      1    3789                                       


  6.0000E+02 -2.3469E+02  5.0767E+02  1.0036E-01 -2.9107E-01 -1.2005E-02
  2.6383E+02  3.1931E+00 -1.0817E-01  2.7427E+01  0.0000E+00  1.3462E+02
  0.0000E+00 -3.5000E+01  1.2100E+02  5.5000E-01  0.0000E+00  0.0000E+00
  0.0000E+00  0.0000E+00
  6.0500E+02 -2.3664E+02  4.9182E+02  1.0034E-01 -2.9104E-01 -1.2001E-02
  2.6612E+02  3.1929E+00 -1.0818E-01  2.7427E+01  0.0000E+00  1.3462E+02
  0.0000E+00 -3.5000E+01  1.2100E+02  5.5000E-01  0.0000E+00  0.0000E+00
  0.0000E+00  0.0000E+00
  6.1000E+02 -2.3795E+02  4.7590E+02  1.0033E-01 -2.9102E-01 -1.1997E-02
  2.6841E+02  3.1927E+00 -1.0818E-01  2.7427E+01  0.0000E+00  1.3462E+02
  0.0000E+00 -3.5000E+01  1.2100E+02  5.5000E-01  0.0000E+00  0.0000E+00
  0.0000E+00  0.0000E+00
  6.1500E+02 -2.3863E+02  4.5994E+02  1.0031E-01 -2.9100E-01 -1.1993E-02
  2.7070E+02  3.1925E+00 -1.0819E-01  2.7427E+01  0.0000E+00  1.3462E+02
  0.0000E+00 -3.5000E+01  1.2100E+02  5.5000E-01  0.0000E+00  0.0000E+00
  0.0000E+00  0.0000E+00
  6.2000E+02 -2.3867E+02  4.4397E+02  1.0030E-01 -2.9098E-01 -1.1989E-02
  2.7299E+02  3.1923E+00 -1.0820E-01  2.7428E+01  0.0000E+00  1.3462E+02
  0.0000E+00 -3.5000E+01  1.2100E+02  5.5000E-01  0.0000E+00  0.0000E+00
  0.0000E+00  0.0000E+00

  6.2500E+02 -2.3807E+02  4.2802E+02  1.0029E-01 -2.9096E-01 -1.1986E-02
  2.7528E+02  3.1922E+00 -1.0820E-01  2.7428E+01  0.0000E+00  1.3462E+02
  0.0000E+00 -3.5000E+01  1.2100E+02  5.5000E-01  0.0000E+00  0.0000E+00
  0.0000E+00  0.0000E+00
  6.3000E+02 -2.3684E+02  4.1210E+02  1.0027E-01 -2.9094E-01 -1.1982E-02
  2.7757E+02  3.1920E+00 -1.0821E-01  2.7428E+01  0.0000E+00  1.3462E+02
  0.0000E+00 -3.5000E+01  1.2100E+02  5.5000E-01  0.0000E+00  0.0000E+00
  0.0000E+00  0.0000E+00
  6.3500E+02 -2.3497E+02  3.9624E+02  1.0026E-01 -2.9092E-01 -1.1979E-02
  2.7986E+02  3.1918E+00 -1.0822E-01  2.7428E+01  0.0000E+00  1.3462E+02
  0.0000E+00 -3.5000E+01  1.2100E+02  5.5000E-01  0.0000E+00  0.0000E+00
  0.0000E+00  0.0000E+00
  6.4000E+02 -2.3247E+02  3.8047E+02  1.0025E-01 -2.9090E-01 -1.1975E-02
  2.8215E+02  3.1917E+00 -1.0822E-01  2.7429E+01  0.0000E+00  1.3462E+02
  0.0000E+00 -3.5000E+01  1.2100E+02  5.5000E-01  0.0000E+00  0.0000E+00
  0.0000E+00  0.0000E+00
  6.4500E+02 -2.2934E+02  3.6481E+02  1.0024E-01 -2.9089E-01 -1.1972E-02
  2.8444E+02  3.1915E+00 -1.0823E-01  2.7429E+01  0.0000E+00  1.3462E+02
  0.0000E+00 -3.5000E+01  1.2100E+02  5.5000E-01  0.0000E+00  0.0000E+00
  0.0000E+00  0.0000E+00
##          0         121   20190918  160216
##      1    3789                                       


  6.5000E+02 -2.2558E+02  3.4930E+02  1.0022E-01 -2.9087E-01 -1.1968E-02
  2.8673E+02  3.1914E+00 -1.0823E-01  2.7429E+01  0.0000E+00  1.3462E+02
  0.0000E+00 -3.5000E+01  1.2100E+02  5.5000E-01  0.0000E+00  0.0000E+00
  0.0000E+00  0.0000E+00
  6.5500E+02 -2.2122E+02  3.3394E+02  1.0021E-01 -2.9086E-01 -1.1965E-02
  2.8902E+02  3.1913E+00 -1.0824E-01  2.7429E+01  0.0000E+00  1.3462E+02
  0.0000E+00 -3.5000E+01  1.2100E+02  5.5000E-01  0.0000E+00  0.0000E+00
  0.0000E+00  0.0000E+00
  6.6000E+02 -2.1624E+02  3.1878E+02  1.0020E-01 -2.9084E-01 -1.1962E-02
  2.9131E+02  3.1911E+00 -1.0824E-01  2.7430E+01  0.0000E+00  1.3462E+02
  0.0000E+00 -3.5000E+01  1.2100E+02  5.5000E-01  0.0000E+00  0.0000E+00
  0.0000E+00  0.0000E+00
  6.6500E+02 -2.1066E+02  3.0382E+02  1.0019E-01 -2.9083E-01 -1.1958E-02
  2.9359E+02  3.1910E+00 -1.0825E-01  2.7430E+01  0.0000E+00  1.3462E+02
  0.0000E+00 -3.5000E+01  1.2100E+02  5.5000E-01  0.0000E+00  0.0000E+00
  0.0000E+00  0.0000E+00
  6.7000E+02 -2.0449E+02  2.8910E+02  1.0017E-01 -2.9082E-01 -1.1955E-02
  2.9588E+02  3.1909E+00 -1.0825E-01  2.7430E+01  0.0000E+00  1.3462E+02
  0.0000E+00 -3.5000E+01  1.2100E+02  5.5000E-01  0.0000E+00  0.0000E+00
  0.0000E+00  0.0000E+00

  6.7500E+02 -1.9773E+02  2.7464E+02  1.0016E-01 -2.9080E-01 -1.1952E-02
  2.9817E+02  3.1908E+00 -1.0826E-01  2.7430E+01  0.0000E+00  1.3462E+02
  0.0000E+00 -3.5000E+01  1.2100E+02  5.5000E-01  0.0000E+00  0.0000E+00
  0.0000E+00  0.0000E+00
  6.8000E+02 -1.9040E+02  2.6046E+02  1.0015E-01 -2.9079E-01 -1.1948E-02
  3.0046E+02  3.1907E+00 -1.0826E-01  2.7430E+01  0.0000E+00  1.3462E+02
  0.0000E+00 -3.5000E+01  1.2100E+02  5.5000E-01  0.0000E+00  0.0000E+00
  0.0000E+00  0.0000E+00
  6.8500E+02 -1.8252E+02  2.4658E+02  1.0014E-01 -2.9078E-01 -1.1945E-02
  3.0275E+02  3.1906E+00 -1.0827E-01  2.7431E+01  0.0000E+00  1.3462E+02
  0.0000E+00 -3.5000E+01  1.2100E+02  5.5000E-01  0.0000E+00  0.0000E+00
  0.0000E+00  0.0000E+00
  6.9000E+02 -1.7408E+02  2.3303E+02  1.0013E-01 -2.9077E-01 -1.1941E-02
  3.0504E+02  3.1905E+00 -1.0827E-01  2.7431E+01  0.0000E+00  1.3462E+02
  0.0000E+00 -3.5000E+01  1.2100E+02  5.5000E-01  0.0000E+00  0.0000E+00
  0.0000E+00  0.0000E+00
  6.9500E+02 -1.6511E+02  2.1983E+02  1.0011E-01 -2.9076E-01 -1.1938E-02
  3.0733E+02  3.1904E+00 -1.0828E-01  2.7431E+01  0.0000E+00  1.3462E+02
  0.0000E+00 -3.5000E+01  1.2100E+02  5.5000E-01  0.0000E+00  0.0000E+00
  0.0000E+00  0.0000E+00
##          0         121   20190918  160216
##      1    3789                                       


  7.0000E+02 -1.5562E+02  2.0700E+02  1.0010E-01 -2.9075E-01 -1.1935E-02
  3.0962E+02  3.1903E+00 -1.0828E-01  2.7431E+01  0.0000E+00  1.3462E+02
  0.0000E+00 -3.5000E+01  1.2100E+02  5.5000E-01  0.0000E+00  0.0000E+00
  0.0000E+00  0.0000E+00
  7.0500E+02 -1.4563E+02  1.9456E+02  1.0009E-01 -2.9074E-01 -1.1931E-02
  3.1191E+02  3.1902E+00 -1.0829E-01  2.7431E+01  0.0000E+00  1.3462E+02
  0.0000E+00 -3.5000E+01  1.2100E+02  5.5000E-01  0.0000E+00  0.0000E+00
  0.0000E+00  0.0000E+00
  7.1000E+02 -1.3514E+02  1.8253E+02  1.0008E-01 -2.9073E-01 -1.1928E-02
  3.1420E+02  3.1901E+00 -1.0829E-01  2.7432E+01  0.0000E+00  1.3462E+02
  0.0000E+00 -3.5000E+01  1.2100E+02  5.5000E-01  0.0000E+00  0.0000E+00
  0.0000E+00  0.0000E+00
  7.1500E+02 -1.2419E+02  1.7093E+02  1.0007E-01 -2.9072E-01 -1.1925E-02
  3.1649E+02  3.1900E+00 -1.0830E-01  2.7432E+01  0.0000E+00  1.3462E+02
  0.0000E+00 -3.5000E+01  1.2100E+02  5.5000E-01  0.0000E+00  0.0000E+00
  0.0000E+00  0.0000E+00
  7.2000E+02 -1.1278E+02  1.5977E+02  1.0005E-01 -2.9071E-01 -1.1921E-02
  3.1878E+02  3.1899E+00 -1.0830E-01  2.7432E+01  0.0000E+00  1.3462E+02
  0.0000E+00 -3.5000E+01  1.2100E+02  5.5000E-01  0.0000E+00  0.0000E+00
  0.0000E+00  0.0000E+00

  7.2500E+02 -1.0093E+02  1.4908E+02  1.0004E-01 -2.9070E-01 -1.1918E-02
  3.2107E+02  3.1898E+00 -1.0830E-01  2.7432E+01  0.0000E+00  1.3462E+02
  0.0000E+00 -3.5000E+01  1.2100E+02  5.5000E-01  0.0000E+00  0.0000E+00
  0.0000E+00  0.0000E+00
  7.3000E+02 -8.8671E+01  1.3887E+02  1.0003E-01 -2.9069E-01 -1.1914E-02
  3.2336E+02  3.1898E+00 -1.0831E-01  2.7432E+01  0.0000E+00  1.3462E+02
  0.0000E+00 -3.5000E+01  1.2100E+02  5.5000E-01  0.0000E+00  0.0000E+00
  0.0000E+00  0.0000E+00
  7.3500E+02 -7.6010E+01  1.2916E+02  1.0002E-01 -2.9069E-01 -1.1911E-02
  3.2565E+02  3.1897E+00 -1.0831E-01  2.7433E+01  0.0000E+00  1.3462E+02
  0.0000E+00 -3.5000E+01  1.2100E+02  5.5000E-01  0.0000E+00  0.0000E+00
  0.0000E+00  0.0000E+00
  7.4000E+02 -6.2972E+01  1.1996E+02  1.0000E-01 -2.9068E-01 -1.1908E-02
  3.2794E+02  3.1896E+00 -1.0832E-01  2.7433E+01  0.0000E+00  1.3462E+02
  0.0000E+00 -3.5000E+01  1.2100E+02  5.5000E-01  0.0000E+00  0.0000E+00
  0.0000E+00  0.0000E+00
  7.4500E+02 -4.9576E+01  1.1130E+02  9.9993E-02 -2.9067E-01 -1.1905E-02
  3.3023E+02  3.1896E+00 -1.0832E-01  2.7433E+01  0.0000E+00  1.3462E+02
  0.0000E+00 -3.5000E+01  1.2100E+02  5.5000E-01  0.0000E+00  0.0000E+00
  0.0000E+00  0.0000E+00
##          0         121   20190918  160216
##      1    3789                                       


  7.5000E+02 -3.5845E+01  1.0317E+02  9.9980E-02 -2.9066E-01 -1.1901E-02
  3.3252E+02  3.1895E+00 -1.0832E-01  2.7433E+01  0.0000E+00  1.3462E+02
  0.0000E+00 -3.5000E+01  1.2100E+02  5.5000E-01  0.0000E+00  0.0000E+00
  0.0000E+00  0.0000E+00
  7.5500E+02 -2.1801E+01  9.5599E+01  9.9969E-02 -2.9066E-01 -1.1898E-02
  3.3481E+02  3.1894E+00 -1.0833E-01  2.7434E+01  0.0000E+00  1.3462E+02
  0.0000E+00 -3.5000E+01  1.2100E+02  5.5000E-01  0.0000E+00  0.0000E+00
  0.0000E+00  0.0000E+00
  7.6000E+02 -7.4660E+00  8.8596E+01  9.9955E-02 -2.9065E-01 -1.1894E-02
  3.3710E+02  3.1894E+00 -1.0833E-01  2.7434E+01  0.0000E+00  1.3462E+02
  0.0000E+00 -3.5000E+01  1.2100E+02  5.5000E-01  0.0000E+00  0.0000E+00
  0.0000E+00  0.0000E+00
  7.6500E+02  7.1373E+00  8.2171E+01  9.9944E-02 -2.9065E-01 -1.1891E-02
  3.3939E+02  3.1893E+00 -1.0834E-01  2.7434E+01  0.0000E+00  1.3462E+02
  0.0000E+00 -3.5000E+01  1.2100E+02  5.5000E-01  0.0000E+00  0.0000E+00
  0.0000E+00  0.0000E+00
  7.7000E+02  2.1985E+01  7.6335E+01  9.9931E-02 -2.9064E-01 -1.1888E-02
  3.4168E+02  3.1893E+00 -1.0834E-01  2.7434E+01  0.0000E+00  1.3462E+02
  0.0000E+00 -3.5000E+01  1.2100E+02  5.5000E-01  0.0000E+00  0.0000E+00
  0.0000E+00  0.0000E+00

  7.7500E+02  3.7055E+01  7.1097E+01  9.9919E-02 -2.9063E-01 -1.1885E-02
  3.4397E+02  3.1892E+00 -1.0834E-01  2.7434E+01  0.0000E+00  1.3462E+02
  0.0000E+00 -3.5000E+01  1.2100E+02  5.5000E-01  0.0000E+00  0.0000E+00
  0.0000E+00  0.0000E+00
  7.8000E+02  5.2321E+01  6.6465E+01  9.9907E-02 -2.9063E-01 -1.1881E-02
  3.4626E+02  3.1892E+00 -1.0835E-01  2.7435E+01  0.0000E+00  1.3462E+02
  0.0000E+00 -3.5000E+01  1.2100E+02  5.5000E-01  0.0000E+00  0.0000E+00
  0.0000E+00  0.0000E+00
  7.8500E+02  6.7760E+01  6.2447E+01  9.9895E-02 -2.9063E-01 -1.1878E-02
  3.4855E+02  3.1891E+00 -1.0835E-01  2.7435E+01  0.0000E+00  1.3462E+02
  0.0000E+00 -3.5000E+01  1.2100E+02  5.5000E-01  0.0000E+00  0.0000E+00
  0.0000E+00  0.0000E+00
  7.9000E+02  8.3346E+01  5.9049E+01  9.9883E-02 -2.9062E-01 -1.1874E-02
  3.5084E+02  3.1891E+00 -1.0835E-01  2.7435E+01  0.0000E+00  1.3462E+02
  0.0000E+00 -3.5000E+01  1.2100E+02  5.5000E-01  0.0000E+00  0.0000E+00
  0.0000E+00  0.0000E+00
  7.9500E+02  9.9056E+01  5.6277E+01  9.9870E-02 -2.9062E-01 -1.1871E-02
  3.5313E+02  3.1890E+00 -1.0836E-01  2.7435E+01  0.0000E+00  1.3462E+02
  0.0000E+00 -3.5000E+01  1.2100E+02  5.5000E-01  0.0000E+00  0.0000E+00
  0.0000E+00  0.0000E+00
##          0         121   20190918  160217
##      1    3789                                       


  8.0000E+02  1.1486E+02  5.4135E+01  9.9859E-02 -2.9061E-01 -1.1868E-02
  3.5542E+02  3.1890E+00 -1.0836E-01  2.7435E+01  0.0000E+00  1.3462E+02
  0.0000E+00 -3.5000E+01  1.2100E+02  5.5000E-01  0.0000E+00  0.0000E+00
  0.0000E+00  0.0000E+00
  8.0500E+02  1.3074E+02  5.2626E+01  9.9846E-02 -2.9061E-01 -1.1865E-02
  3.5771E+02  3.1889E+00 -1.0836E-01  2.7436E+01  0.0000E+00  1.3462E+02
  0.0000E+00 -3.5000E+01  1.2100E+02  5.5000E-01  0.0000E+00  0.0000E+00
  0.0000E+00  0.0000E+00
  8.1000E+02  1.4667E+02  5.1753E+01  9.9836E-02 -2.9060E-01 -1.1861E-02
  3.6000E+02  3.1889E+00 -1.0837E-01  2.7436E+01  0.0000E+00  1.3462E+02
  0.0000E+00 -3.5000E+01  1.2100E+02  5.5000E-01  0.0000E+00  0.0000E+00
  0.0000E+00  0.0000E+00
