##          0         112   20190918  160159
##      1    3789                                       


  0.0000E+00  0.0000E+00  0.0000E+00  0.0000E+00  0.0000E+00  0.0000E+00
  9.0000E+01  1.1111E+01  0.0000E+00  0.0000E+00  0.0000E+00  2.5000E+02
  0.0000E+00  0.0000E+00  1.6400E+02  1.2000E+00  0.0000E+00  0.0000E+00
  0.0000E+00  0.0000E+00
  1.0000E+00 -7.5005E-03  1.1101E+01  9.9726E-03 -5.8435E-02 -3.8468E-03
  8.9994E+01  1.1100E+01  2.0734E-02 -1.0313E+00  0.0000E+00  2.2000E+02
  0.0000E+00  5.5198E+00  1.6400E+02  1.2000E+00  0.0000E+00  0.0000E+00
  0.0000E+00  0.0000E+00
  2.0000E+00 -4.3659E-02  2.2195E+01  9.8750E-03 -3.0328E-01 -4.9180E-03
  8.9960E+01  1.1085E+01  6.0824E-02 -3.1447E+00  0.0000E+00  2.0765E+02
  0.0000E+00  1.0120E+01  1.6400E+02  1.2000E+00  0.0000E+00  0.0000E+00
  0.0000E+00  0.0000E+00
  3.0000E+00 -1.1675E-01  3.3269E+01  9.9910E-03 -6.9322E-01 -7.6063E-03
  8.9884E+01  1.1062E+01  1.1287E-01 -6.1262E+00  0.0000E+00  2.0607E+02
  0.0000E+00  1.4720E+01  1.6400E+02  1.2000E+00  0.0000E+00  0.0000E+00
  0.0000E+00  0.0000E+00
  4.0000E+00 -2.2728E-01  4.4316E+01  1.0318E-02 -1.1080E+00 -1.1677E-02
  8.9752E+01  1.1031E+01  1.7257E-01 -9.7875E+00  0.0000E+00  2.0517E+02
  0.0000E+00  1.9136E+01  1.6400E+02  1.2000E+00  0.0000E+00  0.0000E+00
  0.0000E+00  0.0000E+00

  5.0000E+00 -3.6867E-01  5.5330E+01  1.0922E-02 -1.4067E+00 -1.5936E-02
  8.9555E+01  1.0996E+01  2.3297E-01 -1.3811E+01  0.0000E+00  2.0515E+02
  0.0000E+00  1.9960E+01  1.6400E+02  1.2000E+00  0.0000E+00  0.0000E+00
  0.0000E+00  0.0000E+00
  6.0000E+00 -5.2520E-01  6.6311E+01  1.1986E-02 -1.4545E+00 -1.8277E-02
  8.9290E+01  1.0962E+01  2.8829E-01 -1.7922E+01  0.0000E+00  2.0545E+02
  0.0000E+00  1.9998E+01  1.6400E+02  1.2000E+00  0.0000E+00  0.0000E+00
  0.0000E+00  0.0000E+00
  7.0000E+00 -6.7982E-01  7.7259E+01  1.3563E-02 -1.2068E+00 -1.7129E-02
  8.8957E+01  1.0927E+01  3.4069E-01 -2.2058E+01  0.0000E+00  2.0594E+02
  0.0000E+00  2.0000E+01  1.6400E+02  1.2000E+00  0.0000E+00  0.0000E+00
  0.0000E+00  0.0000E+00
  8.0000E+00 -8.1792E-01  8.8174E+01  1.5268E-02 -7.1766E-01 -1.2527E-02
  8.8554E+01  1.0892E+01  3.9215E-01 -2.6202E+01  0.0000E+00  2.0629E+02
  0.0000E+00  2.0000E+01  1.6400E+02  1.2000E+00  0.0000E+00  0.0000E+00
  0.0000E+00  0.0000E+00
  9.0000E+00 -9.2550E-01  9.9056E+01  1.6473E-02 -9.1837E-02 -6.2140E-03
  8.8081E+01  1.0856E+01  4.4147E-01 -3.0440E+01  0.0000E+00  2.0638E+02
  0.0000E+00  2.0000E+01  1.6400E+02  1.2000E+00  0.0000E+00  0.0000E+00
  0.0000E+00  0.0000E+00
##          0         112   20190918  160200
##      1    3789                                       


  1.0000E+01 -9.8734E-01  1.0990E+02  1.6804E-02  5.6225E-01 -7.9685E-04
  8.7537E+01  1.0817E+01  4.8840E-01 -3.4781E+01  0.0000E+00  2.0650E+02
  0.0000E+00  2.0000E+01  1.6400E+02  1.2000E+00  0.0000E+00  0.0000E+00
  0.0000E+00  0.0000E+00
  1.1000E+01 -9.8830E-01  1.2071E+02  1.6436E-02  1.1578E+00  1.4951E-03
  8.6919E+01  1.0777E+01  5.3309E-01 -3.9186E+01  0.0000E+00  2.0660E+02
  0.0000E+00  2.0000E+01  1.6400E+02  1.2000E+00  0.0000E+00  0.0000E+00
  0.0000E+00  0.0000E+00
  1.2000E+01 -9.1311E-01  1.3148E+02  1.5984E-02  1.6467E+00 -2.0008E-04
  8.6228E+01  1.0736E+01  5.7535E-01 -4.3619E+01  0.0000E+00  2.0670E+02
  0.0000E+00  2.0000E+01  1.6400E+02  1.2000E+00  0.0000E+00  0.0000E+00
  0.0000E+00  0.0000E+00
  1.3000E+01 -7.4627E-01  1.4221E+02  1.6105E-02  2.0220E+00 -5.0908E-03
  8.5462E+01  1.0695E+01  6.1499E-01 -4.8046E+01  0.0000E+00  2.0679E+02
  0.0000E+00  2.0000E+01  1.6400E+02  1.2000E+00  0.0000E+00  0.0000E+00
  0.0000E+00  0.0000E+00
  1.4000E+01 -4.7231E-01  1.5290E+02  1.7098E-02  2.3075E+00 -1.1220E-02
  8.4622E+01  1.0653E+01  6.5196E-01 -5.2435E+01  0.0000E+00  2.0686E+02
  0.0000E+00  2.0000E+01  1.6400E+02  1.2000E+00  0.0000E+00  0.0000E+00
  0.0000E+00  0.0000E+00

  1.5000E+01 -7.6156E-02  1.6355E+02  1.8758E-02  2.5425E+00 -1.6410E-02
  8.3710E+01  1.0611E+01  6.8641E-01 -5.6757E+01  0.0000E+00  2.0691E+02
  0.0000E+00  2.0000E+01  1.6400E+02  1.2000E+00  0.0000E+00  0.0000E+00
  0.0000E+00  0.0000E+00
  1.6000E+01  4.5654E-01  1.7415E+02  2.0516E-02  2.7658E+00 -1.9170E-02
  8.2726E+01  1.0567E+01  7.1872E-01 -6.0991E+01  0.0000E+00  2.0693E+02
  0.0000E+00  2.0000E+01  1.6400E+02  1.2000E+00  0.0000E+00  0.0000E+00
  0.0000E+00  0.0000E+00
  1.7000E+01  1.1391E+00  1.8470E+02  2.1771E-02  3.0046E+00 -1.9184E-02
  8.1672E+01  1.0522E+01  7.4917E-01 -6.5110E+01  0.0000E+00  2.0693E+02
  0.0000E+00  2.0000E+01  1.6400E+02  1.2000E+00  0.0000E+00  0.0000E+00
  0.0000E+00  0.0000E+00
  1.8000E+01  1.9843E+00  1.9519E+02  2.2179E-02  3.2734E+00 -1.7174E-02
  8.0550E+01  1.0473E+01  7.7711E-01 -6.9031E+01  0.0000E+00  2.0690E+02
  0.0000E+00  2.0000E+01  1.6400E+02  1.2000E+00  0.0000E+00  0.0000E+00
  0.0000E+00  0.0000E+00
  1.9000E+01  3.0041E+00  2.0562E+02  2.1819E-02  3.5711E+00 -1.4376E-02
  7.9364E+01  1.0423E+01  8.0304E-01 -7.2741E+01  0.0000E+00  2.0683E+02
  0.0000E+00  2.0000E+01  1.6400E+02  1.2000E+00  0.0000E+00  0.0000E+00
  0.0000E+00  0.0000E+00
##          0         112   20190918  160200
##      1    3789                                       


  2.0000E+01  4.2090E+00  2.1597E+02  2.1083E-02  3.8814E+00 -1.2065E-02
  7.8118E+01  1.0370E+01  8.2745E-01 -7.6246E+01  0.0000E+00  2.0674E+02
  0.0000E+00  2.0000E+01  1.6400E+02  1.2000E+00  0.0000E+00  0.0000E+00
  0.0000E+00  0.0000E+00
  2.1000E+01  5.6080E+00  2.2626E+02  2.0402E-02  4.1828E+00 -1.1141E-02
  7.6814E+01  1.0315E+01  8.5039E-01 -7.9545E+01  0.0000E+00  2.0663E+02
  0.0000E+00  2.0000E+01  1.6400E+02  1.1912E+00  0.0000E+00  0.0000E+00
  0.0000E+00  0.0000E+00
  2.2000E+01  7.2094E+00  2.3645E+02  2.0064E-02  4.4588E+00 -1.1943E-02
  7.5456E+01  1.0258E+01  8.7185E-01 -8.2638E+01  0.0000E+00  2.0649E+02
  0.0000E+00  2.0000E+01  1.6400E+02  1.1911E+00  0.0000E+00  0.0000E+00
  0.0000E+00  0.0000E+00
  2.3000E+01  9.0200E+00  2.4656E+02  2.0118E-02  4.6965E+00 -1.4083E-02
  7.4047E+01  1.0199E+01  8.9217E-01 -8.5545E+01  0.0000E+00  2.0633E+02
  0.0000E+00  2.0000E+01  1.6399E+02  1.1880E+00  0.0000E+00  0.0000E+00
  0.0000E+00  0.0000E+00
  2.4000E+01  1.1046E+01  2.5657E+02  2.0398E-02  4.8936E+00 -1.6868E-02
  7.2591E+01  1.0140E+01  9.1092E-01 -8.8255E+01  0.0000E+00  2.0615E+02
  0.0000E+00  2.0000E+01  1.6400E+02  1.1848E+00  0.0000E+00  0.0000E+00
  0.0000E+00  0.0000E+00

  2.5000E+01  1.3293E+01  2.6647E+02  2.0682E-02  5.0549E+00 -1.9516E-02
  7.1090E+01  1.0080E+01  9.2850E-01 -9.0786E+01  0.0000E+00  2.0595E+02
  0.0000E+00  2.0000E+01  1.6393E+02  1.1828E+00  0.0000E+00  0.0000E+00
  0.0000E+00  0.0000E+00
  2.6000E+01  1.5765E+01  2.7625E+02  2.0782E-02  5.1893E+00 -2.1431E-02
  6.9549E+01  1.0019E+01  9.4461E-01 -9.3131E+01  0.0000E+00  2.0574E+02
  0.0000E+00  2.0000E+01  1.6396E+02  1.1806E+00  0.0000E+00  0.0000E+00
  0.0000E+00  0.0000E+00
  2.7000E+01  1.8469E+01  2.8592E+02  2.0289E-02  5.3376E+00 -2.1865E-02
  6.7972E+01  9.9650E+00  9.4820E-01 -9.4786E+01  0.0000E+00  2.0597E+02
  0.0000E+00  1.5400E+01  1.6395E+02  1.1751E+00  0.0000E+00  0.0000E+00
  0.0000E+00  0.0000E+00
  2.8000E+01  2.1427E+01  2.9545E+02  1.8528E-02  5.6297E+00 -1.8539E-02
  6.6377E+01  9.9192E+00  9.3072E-01 -9.5221E+01  0.0000E+00  2.0509E+02
  0.0000E+00  1.0800E+01  1.6397E+02  1.1785E+00  0.0000E+00  0.0000E+00
  0.0000E+00  0.0000E+00
  2.9000E+01  2.4654E+01  3.0485E+02  1.6165E-02  6.1055E+00 -1.0451E-02
  6.4784E+01  9.8718E+00  8.9776E-01 -9.4510E+01  0.0000E+00  1.9681E+02
  0.0000E+00  6.2001E+00  1.6394E+02  1.1729E+00  0.0000E+00  0.0000E+00
  0.0000E+00  0.0000E+00
##          0         112   20190918  160200
##      1    3789                                       


  3.0000E+01  2.8150E+01  3.1410E+02  1.3769E-02  6.6787E+00  5.7837E-05
  6.3210E+01  9.8200E+00  8.5896E-01 -9.2886E+01  0.0000E+00  1.9020E+02
  0.0000E+00  1.6001E+00  1.6394E+02  1.1685E+00  0.0000E+00  0.0000E+00
  0.0000E+00  0.0000E+00
  3.1000E+01  3.1909E+01  3.2318E+02  1.0746E-02  7.1999E+00  8.6069E-03
  6.1668E+01  9.7675E+00  8.1709E-01 -9.0549E+01  0.0000E+00  1.8664E+02
  0.0000E+00 -2.9999E+00  1.6385E+02  1.1680E+00  0.0000E+00  0.0000E+00
  0.0000E+00  0.0000E+00
  3.2000E+01  3.5920E+01  3.3210E+02  6.1893E-03  7.5469E+00  1.0799E-02
  6.0168E+01  9.7169E+00  7.7173E-01 -8.7576E+01  0.0000E+00  1.8512E+02
  0.0000E+00 -7.5999E+00  1.6391E+02  1.1687E+00  0.0000E+00  0.0000E+00
  0.0000E+00  0.0000E+00
  3.3000E+01  4.0176E+01  3.4084E+02  6.5938E-04  7.6577E+00  4.6316E-03
  5.8721E+01  9.6696E+00  7.2370E-01 -8.4115E+01  0.0000E+00  1.8470E+02
  0.0000E+00 -1.2200E+01  1.6392E+02  1.1646E+00  0.0000E+00  0.0000E+00
  0.0000E+00  0.0000E+00
  3.4000E+01  4.4666E+01  3.4940E+02 -3.6993E-03  7.5345E+00 -8.2197E-03
  5.7334E+01  9.6247E+00  6.7377E-01 -8.0306E+01  0.0000E+00  1.8486E+02
  0.0000E+00 -1.6800E+01  1.6391E+02  1.1611E+00  0.0000E+00  0.0000E+00
  0.0000E+00  0.0000E+00

  3.5000E+01  4.9376E+01  3.5780E+02 -4.7186E-03  7.2321E+00 -2.3054E-02
  5.6014E+01  9.5815E+00  6.2236E-01 -7.6231E+01  0.0000E+00  1.8533E+02
  0.0000E+00 -1.9786E+01  1.6387E+02  1.1583E+00  0.0000E+00  0.0000E+00
  0.0000E+00  0.0000E+00
  3.6000E+01  5.4295E+01  3.6602E+02 -1.9466E-03  6.8196E+00 -3.3876E-02
  5.4765E+01  9.5443E+00  5.7241E-01 -7.2036E+01  0.0000E+00  1.8597E+02
  0.0000E+00 -1.9990E+01  1.6382E+02  1.1568E+00  0.0000E+00  0.0000E+00
  0.0000E+00  0.0000E+00
  3.7000E+01  5.9408E+01  3.7408E+02  2.7349E-03  6.3562E+00 -3.6577E-02
  5.3590E+01  9.5135E+00  5.2415E-01 -6.7781E+01  0.0000E+00  1.8670E+02
  0.0000E+00 -2.0000E+01  1.6376E+02  1.1569E+00  0.0000E+00  0.0000E+00
  0.0000E+00  0.0000E+00
  3.8000E+01  6.4703E+01  3.8198E+02  6.3169E-03  5.9013E+00 -3.1133E-02
  5.2488E+01  9.4869E+00  4.7713E-01 -6.3465E+01  0.0000E+00  1.8746E+02
  0.0000E+00 -2.0000E+01  1.6386E+02  1.1597E+00  0.0000E+00  0.0000E+00
  0.0000E+00  0.0000E+00
  3.9000E+01  7.0167E+01  3.8974E+02  6.7315E-03  5.4954E+00 -2.0876E-02
  5.1461E+01  9.4634E+00  4.3164E-01 -5.9094E+01  0.0000E+00  1.8823E+02
  0.0000E+00 -2.0000E+01  1.6382E+02  1.1572E+00  0.0000E+00  0.0000E+00
  0.0000E+00  0.0000E+00
##          0         112   20190918  160200
##      1    3789                                       


  4.0000E+01  7.5786E+01  3.9735E+02  4.0140E-03  5.1517E+00 -1.0342E-02
  5.0508E+01  9.4425E+00  3.8819E-01 -5.4687E+01  0.0000E+00  1.8900E+02
  0.0000E+00 -2.0000E+01  1.6378E+02  1.1551E+00  0.0000E+00  0.0000E+00
  0.0000E+00  0.0000E+00
  4.1000E+01  8.1547E+01  4.0483E+02 -3.2438E-06  4.8600E+00 -3.0254E-03
  4.9629E+01  9.4246E+00  3.4702E-01 -5.0267E+01  0.0000E+00  1.8974E+02
  0.0000E+00 -2.0000E+01  1.6373E+02  1.1535E+00  0.0000E+00  0.0000E+00
  0.0000E+00  0.0000E+00
  4.2000E+01  8.7438E+01  4.1218E+02 -3.0093E-03  4.5991E+00 -1.0794E-04
  4.8825E+01  9.4099E+00  3.0772E-01 -4.5866E+01  0.0000E+00  1.9046E+02
  0.0000E+00 -2.0000E+01  1.6367E+02  1.1528E+00  0.0000E+00  0.0000E+00
  0.0000E+00  0.0000E+00
  4.3000E+01  9.3449E+01  4.1942E+02 -3.5818E-03  4.3509E+00 -6.6103E-04
  4.8093E+01  9.3987E+00  2.6850E-01 -4.1565E+01  0.0000E+00  1.9117E+02
  0.0000E+00 -2.0000E+01  1.6362E+02  1.1537E+00  0.0000E+00  0.0000E+00
  0.0000E+00  0.0000E+00
  4.4000E+01  9.9572E+01  4.2655E+02 -1.8059E-03  4.1049E+00 -2.6216E-03
  4.7432E+01  9.3906E+00  2.2910E-01 -3.7362E+01  0.0000E+00  1.9185E+02
  0.0000E+00 -2.0000E+01  1.6375E+02  1.1572E+00  0.0000E+00  0.0000E+00
  0.0000E+00  0.0000E+00

  4.5000E+01  1.0580E+02  4.3358E+02  1.0305E-03  3.8555E+00 -4.0232E-03
  4.6841E+01  9.3853E+00  1.8955E-01 -3.3236E+01  0.0000E+00  1.9253E+02
  0.0000E+00 -2.0000E+01  1.6374E+02  1.1552E+00  0.0000E+00  0.0000E+00
  0.0000E+00  0.0000E+00
  4.6000E+01  1.1212E+02  4.4051E+02  3.3544E-03  3.6005E+00 -3.9391E-03
  4.6319E+01  9.3821E+00  1.4982E-01 -2.9167E+01  0.0000E+00  1.9319E+02
  0.0000E+00 -2.0000E+01  1.6371E+02  1.1534E+00  0.0000E+00  0.0000E+00
  0.0000E+00  0.0000E+00
  4.7000E+01  1.1853E+02  4.4737E+02  4.2036E-03  3.3426E+00 -2.5970E-03
  4.5865E+01  9.3804E+00  1.0894E-01 -2.5139E+01  0.0000E+00  1.9386E+02
  0.0000E+00 -2.0000E+01  1.6368E+02  1.1522E+00  0.0000E+00  0.0000E+00
  0.0000E+00  0.0000E+00
  4.8000E+01  1.2501E+02  4.5414E+02  3.6268E-03  3.0875E+00 -8.3107E-04
  4.5479E+01  9.3801E+00  6.6894E-02 -2.1132E+01  0.0000E+00  1.9452E+02
  0.0000E+00 -2.0000E+01  1.6365E+02  1.1518E+00  0.0000E+00  0.0000E+00
  0.0000E+00  0.0000E+00
  4.9000E+01  1.3157E+02  4.6085E+02  2.4395E-03  2.8376E+00  6.0316E-04
  4.5159E+01  9.3808E+00  2.3965E-02 -1.7131E+01  0.0000E+00  1.9518E+02
  0.0000E+00 -2.0000E+01  1.6362E+02  1.1528E+00  0.0000E+00  0.0000E+00
  0.0000E+00  0.0000E+00
##          0         112   20190918  160200
##      1    3789                                       


  5.0000E+01  1.3820E+02  4.6749E+02  1.5862E-03  2.5922E+00  1.4117E-03
  4.4906E+01  9.3825E+00 -1.9693E-02 -1.3125E+01  0.0000E+00  1.9584E+02
  0.0000E+00 -2.0000E+01  1.6378E+02  1.1565E+00  0.0000E+00  0.0000E+00
  0.0000E+00  0.0000E+00
  5.1000E+01  1.4488E+02  4.7407E+02  1.5853E-03  2.3491E+00  1.7572E-03
  4.4720E+01  9.3849E+00 -6.4097E-02 -9.1050E+00  0.0000E+00  1.9651E+02
  0.0000E+00 -2.0000E+01  1.6376E+02  1.1546E+00  0.0000E+00  0.0000E+00
  0.0000E+00  0.0000E+00
  5.2000E+01  1.5162E+02  4.8061E+02  2.3569E-03  2.1053E+00  1.9820E-03
  4.4602E+01  9.3881E+00 -1.0936E-01 -5.0665E+00  0.0000E+00  1.9718E+02
  0.0000E+00 -2.0000E+01  1.6374E+02  1.1530E+00  0.0000E+00  0.0000E+00
  0.0000E+00  0.0000E+00
  5.3000E+01  1.5840E+02  4.8711E+02  3.4304E-03  1.8581E+00  2.3263E-03
  4.4551E+01  9.3915E+00 -1.5554E-01 -1.0096E+00  0.0000E+00  1.9785E+02
  0.0000E+00 -2.0000E+01  1.6373E+02  1.1518E+00  0.0000E+00  0.0000E+00
  0.0000E+00  0.0000E+00
  5.4000E+01  1.6522E+02  4.9357E+02  4.3250E-03  1.6043E+00  2.8041E-03
  4.4568E+01  9.3950E+00 -2.0190E-01  3.0608E+00  0.0000E+00  1.9852E+02
  0.0000E+00 -2.0000E+01  1.6371E+02  1.1515E+00  0.0000E+00  0.0000E+00
  0.0000E+00  0.0000E+00

  5.5000E+01  1.7207E+02  5.0001E+02  4.8438E-03  1.3369E+00  3.2750E-03
  4.4653E+01  9.3982E+00 -2.4714E-01  7.1306E+00  0.0000E+00  1.9918E+02
  0.0000E+00 -2.0000E+01  1.6369E+02  1.1526E+00  0.0000E+00  0.0000E+00
  0.0000E+00  0.0000E+00
  5.6000E+01  1.7894E+02  5.0643E+02  5.1089E-03  1.0527E+00  3.5884E-03
  4.4806E+01  9.4009E+00 -2.9131E-01  1.1183E+01  0.0000E+00  1.9984E+02
  0.0000E+00 -2.0000E+01  1.6382E+02  1.1563E+00  0.0000E+00  0.0000E+00
  0.0000E+00  0.0000E+00
  5.7000E+01  1.8582E+02  5.1284E+02  5.3921E-03  7.5478E-01  3.6973E-03
  4.5027E+01  9.4030E+00 -3.3452E-01  1.5205E+01  0.0000E+00  2.0048E+02
  0.0000E+00 -2.0000E+01  1.6380E+02  1.1545E+00  0.0000E+00  0.0000E+00
  0.0000E+00  0.0000E+00
  5.8000E+01  1.9271E+02  5.1926E+02  5.8967E-03  4.4826E-01  3.6666E-03
  4.5314E+01  9.4042E+00 -3.7557E-01  1.9256E+01  0.0000E+00  2.0112E+02
  0.0000E+00 -2.0000E+01  1.6379E+02  1.1529E+00  0.0000E+00  0.0000E+00
  0.0000E+00  0.0000E+00
  5.9000E+01  1.9959E+02  5.2568E+02  6.6493E-03  1.3588E-01  3.5785E-03
  4.5670E+01  9.4041E+00 -4.1411E-01  2.3345E+01  0.0000E+00  2.0127E+02
  0.0000E+00 -2.0000E+01  1.6377E+02  1.1517E+00  0.0000E+00  0.0000E+00
  0.0000E+00  0.0000E+00
##          0         112   20190918  160200
##      1    3789                                       


  6.0000E+01  2.0645E+02  5.3212E+02  7.5403E-03 -1.7796E-01  3.3956E-03
  4.6094E+01  9.4022E+00 -4.5060E-01  2.7442E+01  0.0000E+00  2.0146E+02
  0.0000E+00 -2.0000E+01  1.6374E+02  1.1514E+00  0.0000E+00  0.0000E+00
  0.0000E+00  0.0000E+00
  6.1000E+01  2.1328E+02  5.3860E+02  8.4102E-03 -4.8747E-01  3.0423E-03
  4.6586E+01  9.3985E+00 -4.8540E-01  3.1526E+01  0.0000E+00  2.0164E+02
  0.0000E+00 -2.0000E+01  1.6369E+02  1.1525E+00  0.0000E+00  0.0000E+00
  0.0000E+00  0.0000E+00
  6.2000E+01  2.2008E+02  5.4510E+02  9.1526E-03 -7.8736E-01  2.4511E-03
  4.7146E+01  9.3928E+00 -5.1873E-01  3.5579E+01  0.0000E+00  2.0180E+02
  0.0000E+00 -2.0000E+01  1.6382E+02  1.1562E+00  0.0000E+00  0.0000E+00
  0.0000E+00  0.0000E+00
  6.3000E+01  2.2683E+02  5.5165E+02  9.7594E-03 -1.0743E+00  1.6072E-03
  4.7774E+01  9.3851E+00 -5.5076E-01  3.9586E+01  0.0000E+00  2.0195E+02
  0.0000E+00 -2.0000E+01  1.6378E+02  1.1544E+00  0.0000E+00  0.0000E+00
  0.0000E+00  0.0000E+00
  6.4000E+01  2.3352E+02  5.5825E+02  1.0298E-02 -1.3473E+00  5.6431E-04
  4.8468E+01  9.3754E+00 -5.8162E-01  4.3539E+01  0.0000E+00  2.0209E+02
  0.0000E+00 -2.0000E+01  1.6374E+02  1.1528E+00  0.0000E+00  0.0000E+00
  0.0000E+00  0.0000E+00

  6.5000E+01  2.4015E+02  5.6490E+02  1.0850E-02 -1.6080E+00 -5.7492E-04
  4.9228E+01  9.3635E+00 -6.1133E-01  4.7423E+01  0.0000E+00  2.0221E+02
  0.0000E+00 -2.0000E+01  1.6382E+02  1.1509E+00  0.0000E+00  0.0000E+00
  0.0000E+00  0.0000E+00
  6.6000E+01  2.4669E+02  5.7161E+02  1.1453E-02 -1.8585E+00 -1.6833E-03
  5.0052E+01  9.3494E+00 -6.3998E-01  5.1232E+01  0.0000E+00  2.0232E+02
  0.0000E+00 -2.0000E+01  1.6387E+02  1.1493E+00  0.0000E+00  0.0000E+00
  0.0000E+00  0.0000E+00
  6.7000E+01  2.5315E+02  5.7840E+02  1.2083E-02 -2.1012E+00 -2.6636E-03
  5.0939E+01  9.3329E+00 -6.6748E-01  5.4948E+01  0.0000E+00  2.0240E+02
  0.0000E+00 -2.0000E+01  1.6390E+02  1.1479E+00  0.0000E+00  0.0000E+00
  0.0000E+00  0.0000E+00
  6.8000E+01  2.5951E+02  5.8525E+02  1.2669E-02 -2.3404E+00 -3.4513E-03
  5.1887E+01  9.3142E+00 -6.9305E-01  5.8505E+01  0.0000E+00  2.0247E+02
  0.0000E+00 -2.0000E+01  1.6392E+02  1.1469E+00  0.0000E+00  0.0000E+00
  0.0000E+00  0.0000E+00
  6.9000E+01  2.6576E+02  5.9218E+02  1.3154E-02 -2.5785E+00 -4.0152E-03
  5.2893E+01  9.2932E+00 -7.1689E-01  6.1898E+01  0.0000E+00  2.0252E+02
  0.0000E+00 -2.0000E+01  1.6392E+02  1.1460E+00  0.0000E+00  0.0000E+00
  0.0000E+00  0.0000E+00
##          0         112   20190918  160200
##      1    3789                                       


  7.0000E+01  2.7189E+02  5.9918E+02  1.3510E-02 -2.8129E+00 -4.4148E-03
  5.3955E+01  9.2701E+00 -7.3927E-01  6.5127E+01  0.0000E+00  2.0255E+02
  0.0000E+00 -2.0000E+01  1.6391E+02  1.1453E+00  0.0000E+00  0.0000E+00
  0.0000E+00  0.0000E+00
  7.1000E+01  2.7789E+02  6.0627E+02  1.3729E-02 -3.0382E+00 -4.7973E-03
  5.5069E+01  9.2448E+00 -7.6039E-01  6.8195E+01  0.0000E+00  2.0255E+02
  0.0000E+00 -2.0000E+01  1.6388E+02  1.1447E+00  0.0000E+00  0.0000E+00
  0.0000E+00  0.0000E+00
  7.2000E+01  2.8375E+02  6.1345E+02  1.3821E-02 -3.2490E+00 -5.3333E-03
  5.6234E+01  9.2175E+00 -7.8035E-01  7.1107E+01  0.0000E+00  2.0254E+02
  0.0000E+00 -2.0000E+01  1.6385E+02  1.1442E+00  0.0000E+00  0.0000E+00
  0.0000E+00  0.0000E+00
  7.3000E+01  2.8947E+02  6.2071E+02  1.3826E-02 -3.4415E+00 -6.1317E-03
  5.7447E+01  9.1884E+00 -7.9923E-01  7.3865E+01  0.0000E+00  2.0251E+02
  0.0000E+00 -2.0000E+01  1.6381E+02  1.1438E+00  0.0000E+00  0.0000E+00
  0.0000E+00  0.0000E+00
  7.4000E+01  2.9502E+02  6.2805E+02  1.3806E-02 -3.6143E+00 -7.1822E-03
  5.8704E+01  9.1577E+00 -8.1708E-01  7.6473E+01  0.0000E+00  2.0246E+02
  0.0000E+00 -2.0000E+01  1.6376E+02  1.1435E+00  0.0000E+00  0.0000E+00
  0.0000E+00  0.0000E+00

  7.5000E+01  3.0041E+02  6.3548E+02  1.3816E-02 -3.7685E+00 -8.3558E-03
  6.0004E+01  9.1253E+00 -8.3394E-01  7.8935E+01  0.0000E+00  2.0240E+02
  0.0000E+00 -2.0000E+01  1.6370E+02  1.1433E+00  0.0000E+00  0.0000E+00
  0.0000E+00  0.0000E+00
  7.6000E+01  3.0562E+02  6.4300E+02  1.3880E-02 -3.9072E+00 -9.4758E-03
  6.1345E+01  9.0914E+00 -8.4977E-01  8.1250E+01  0.0000E+00  2.0232E+02
  0.0000E+00 -2.0000E+01  1.6377E+02  1.1368E+00  0.0000E+00  0.0000E+00
  0.0000E+00  0.0000E+00
  7.7000E+01  3.1066E+02  6.5059E+02  1.3979E-02 -4.0340E+00 -1.0378E-02
  6.2723E+01  9.0558E+00 -8.6463E-01  8.3423E+01  0.0000E+00  2.0223E+02
  0.0000E+00 -2.0000E+01  1.6384E+02  1.1337E+00  0.0000E+00  0.0000E+00
  0.0000E+00  0.0000E+00
  7.8000E+01  3.1550E+02  6.5827E+02  1.4061E-02 -4.1517E+00 -1.0975E-02
  6.4136E+01  9.0188E+00 -8.7862E-01  8.5459E+01  0.0000E+00  2.0212E+02
  0.0000E+00 -2.0000E+01  1.6388E+02  1.1328E+00  0.0000E+00  0.0000E+00
  0.0000E+00  0.0000E+00
  7.9000E+01  3.2015E+02  6.6603E+02  1.4065E-02 -4.2617E+00 -1.1289E-02
  6.5583E+01  8.9804E+00 -8.9183E-01  8.7364E+01  0.0000E+00  2.0199E+02
  0.0000E+00 -2.0000E+01  1.6390E+02  1.1332E+00  0.0000E+00  0.0000E+00
  0.0000E+00  0.0000E+00
##          0         112   20190918  160200
##      1    3789                                       


  8.0000E+01  3.2459E+02  6.7386E+02  1.3956E-02 -4.3643E+00 -1.1434E-02
  6.7061E+01  8.9407E+00 -9.0430E-01  8.9143E+01  0.0000E+00  2.0185E+02
  0.0000E+00 -2.0000E+01  1.6385E+02  1.1283E+00  0.0000E+00  0.0000E+00
  0.0000E+00  0.0000E+00
  8.1000E+01  3.2883E+02  6.8177E+02  1.3749E-02 -4.4590E+00 -1.1561E-02
  6.8568E+01  8.8998E+00 -9.1607E-01  9.0800E+01  0.0000E+00  2.0170E+02
  0.0000E+00 -2.0000E+01  1.6383E+02  1.1267E+00  0.0000E+00  0.0000E+00
  0.0000E+00  0.0000E+00
  8.2000E+01  3.3285E+02  6.8974E+02  1.3494E-02 -4.5452E+00 -1.1779E-02
  7.0101E+01  8.8579E+00 -9.2719E-01  9.2342E+01  0.0000E+00  2.0155E+02
  0.0000E+00 -2.0000E+01  1.6381E+02  1.1270E+00  0.0000E+00  0.0000E+00
  0.0000E+00  0.0000E+00
  8.3000E+01  3.3665E+02  6.9777E+02  1.3249E-02 -4.6227E+00 -1.2124E-02
  7.1660E+01  8.8152E+00 -9.3746E-01  9.3786E+01  0.0000E+00  2.0138E+02
  0.0000E+00 -2.0000E+01  1.6379E+02  1.1284E+00  0.0000E+00  0.0000E+00
  0.0000E+00  0.0000E+00
  8.4000E+01  3.4022E+02  7.0586E+02  1.3064E-02 -4.6923E+00 -1.2577E-02
  7.3242E+01  8.7718E+00 -9.4674E-01  9.5151E+01  0.0000E+00  2.0122E+02
  0.0000E+00 -2.0000E+01  1.6359E+02  1.1244E+00  0.0000E+00  0.0000E+00
  0.0000E+00  0.0000E+00

  8.5000E+01  3.4357E+02  7.1400E+02  1.2957E-02 -4.7549E+00 -1.3049E-02
  7.4847E+01  8.7277E+00 -9.5518E-01  9.6436E+01  0.0000E+00  2.0108E+02
  0.0000E+00 -2.0000E+01  1.6356E+02  1.1234E+00  0.0000E+00  0.0000E+00
  0.0000E+00  0.0000E+00
  8.6000E+01  3.4668E+02  7.2219E+02  1.2895E-02 -4.8105E+00 -1.3437E-02
  7.6473E+01  8.6830E+00 -9.6295E-01  9.7643E+01  0.0000E+00  2.0094E+02
  0.0000E+00 -2.0000E+01  1.6354E+02  1.1243E+00  0.0000E+00  0.0000E+00
  0.0000E+00  0.0000E+00
  8.7000E+01  3.4956E+02  7.3041E+02  1.2816E-02 -4.8593E+00 -1.3696E-02
  7.8119E+01  8.6380E+00 -9.7012E-01  9.8776E+01  0.0000E+00  2.0079E+02
  0.0000E+00 -2.0000E+01  1.6350E+02  1.1262E+00  0.0000E+00  0.0000E+00
  0.0000E+00  0.0000E+00
  8.8000E+01  3.5219E+02  7.3867E+02  1.2667E-02 -4.9016E+00 -1.3843E-02
  7.9783E+01  8.5924E+00 -9.7667E-01  9.9831E+01  0.0000E+00  2.0064E+02
  0.0000E+00 -2.0000E+01  1.6347E+02  1.1190E+00  0.0000E+00  0.0000E+00
  0.0000E+00  0.0000E+00
  8.9000E+01  3.5458E+02  7.4696E+02  1.2446E-02 -4.9380E+00 -1.3946E-02
  8.1464E+01  8.5464E+00 -9.8272E-01  1.0081E+02  0.0000E+00  2.0048E+02
  0.0000E+00 -2.0000E+01  1.6344E+02  1.1202E+00  0.0000E+00  0.0000E+00
  0.0000E+00  0.0000E+00
##          0         112   20190918  160200
##      1    3789                                       


  9.0000E+01  3.5673E+02  7.5527E+02  1.2187E-02 -4.9689E+00 -1.4046E-02
  8.3161E+01  8.4999E+00 -9.8830E-01  1.0172E+02  0.0000E+00  2.0031E+02
  0.0000E+00 -2.0000E+01  1.6331E+02  1.1162E+00  0.0000E+00  0.0000E+00
  0.0000E+00  0.0000E+00
  9.1000E+01  3.5862E+02  7.6359E+02  1.1937E-02 -4.9946E+00 -1.4153E-02
  8.4873E+01  8.4532E+00 -9.9341E-01  1.0256E+02  0.0000E+00  2.0014E+02
  0.0000E+00 -2.0000E+01  1.6352E+02  1.1146E+00  0.0000E+00  0.0000E+00
  0.0000E+00  0.0000E+00
  9.2000E+01  3.6027E+02  7.7192E+02  1.1725E-02 -5.0156E+00 -1.4263E-02
  8.6598E+01  8.4063E+00 -9.9813E-01  1.0334E+02  0.0000E+00  1.9996E+02
  0.0000E+00 -2.0000E+01  1.6335E+02  1.1112E+00  0.0000E+00  0.0000E+00
  0.0000E+00  0.0000E+00
  9.3000E+01  3.6167E+02  7.8024E+02  1.1550E-02 -5.0319E+00 -1.4339E-02
  8.8336E+01  8.3592E+00 -1.0025E+00  1.0405E+02  0.0000E+00  1.9978E+02
  0.0000E+00 -2.0000E+01  1.6353E+02  1.1105E+00  0.0000E+00  0.0000E+00
  0.0000E+00  0.0000E+00
  9.4000E+01  3.6282E+02  7.8856E+02  1.1389E-02 -5.0441E+00 -1.4374E-02
  9.0085E+01  8.3118E+00 -1.0064E+00  1.0470E+02  0.0000E+00  1.9960E+02
  0.0000E+00 -2.0000E+01  1.6361E+02  1.1040E+00  0.0000E+00  0.0000E+00
  0.0000E+00  0.0000E+00

  9.5000E+01  3.6372E+02  7.9686E+02  1.1219E-02 -5.0529E+00 -1.4371E-02
  9.1845E+01  8.2645E+00 -1.0099E+00  1.0529E+02  0.0000E+00  1.9941E+02
  0.0000E+00 -2.0000E+01  1.6367E+02  1.1001E+00  0.0000E+00  0.0000E+00
  0.0000E+00  0.0000E+00
  9.6000E+01  3.6437E+02  8.0514E+02  1.1029E-02 -5.0582E+00 -1.4335E-02
  9.3614E+01  8.2170E+00 -1.0131E+00  1.0583E+02  0.0000E+00  1.9922E+02
  0.0000E+00 -2.0000E+01  1.6376E+02  1.1003E+00  0.0000E+00  0.0000E+00
  0.0000E+00  0.0000E+00
  9.7000E+01  3.6477E+02  8.1338E+02  1.0820E-02 -5.0600E+00 -1.4276E-02
  9.5392E+01  8.1696E+00 -1.0160E+00  1.0631E+02  0.0000E+00  1.9902E+02
  0.0000E+00 -2.0000E+01  1.6376E+02  1.0953E+00  0.0000E+00  0.0000E+00
  0.0000E+00  0.0000E+00
  9.8000E+01  3.6492E+02  8.2159E+02  1.0599E-02 -5.0583E+00 -1.4207E-02
  9.7178E+01  8.1224E+00 -1.0187E+00  1.0675E+02  0.0000E+00  1.9883E+02
  0.0000E+00 -2.0000E+01  1.6373E+02  1.0927E+00  0.0000E+00  0.0000E+00
  0.0000E+00  0.0000E+00
  9.9000E+01  3.6482E+02  8.2975E+02  1.0377E-02 -5.0533E+00 -1.4135E-02
  9.8970E+01  8.0753E+00 -1.0210E+00  1.0714E+02  0.0000E+00  1.9864E+02
  0.0000E+00 -2.0000E+01  1.6377E+02  1.0941E+00  0.0000E+00  0.0000E+00
  0.0000E+00  0.0000E+00
##          0         112   20190918  160200
##      1    3789                                       


  1.0000E+02  3.6447E+02  8.3786E+02  1.0164E-02 -5.0451E+00 -1.4056E-02
  1.0077E+02  8.0284E+00 -1.0231E+00  1.0749E+02  0.0000E+00  1.9844E+02
  0.0000E+00 -2.0000E+01  1.6371E+02  1.0901E+00  0.0000E+00  0.0000E+00
  0.0000E+00  0.0000E+00
  1.0100E+02  3.6389E+02  8.4591E+02  9.9634E-03 -5.0341E+00 -1.3962E-02
  1.0257E+02  7.9819E+00 -1.0250E+00  1.0780E+02  0.0000E+00  1.9825E+02
  0.0000E+00 -2.0000E+01  1.6361E+02  1.0883E+00  0.0000E+00  0.0000E+00
  0.0000E+00  0.0000E+00
  1.0200E+02  3.6306E+02  8.5389E+02  9.7722E-03 -5.0207E+00 -1.3841E-02
  1.0438E+02  7.9357E+00 -1.0266E+00  1.0806E+02  0.0000E+00  1.9805E+02
  0.0000E+00 -2.0000E+01  1.6365E+02  1.0904E+00  0.0000E+00  0.0000E+00
  0.0000E+00  0.0000E+00
  1.0300E+02  3.6199E+02  8.6180E+02  9.5856E-03 -5.0053E+00 -1.3683E-02
  1.0619E+02  7.8898E+00 -1.0280E+00  1.0830E+02  0.0000E+00  1.9786E+02
  0.0000E+00 -2.0000E+01  1.6354E+02  1.0869E+00  0.0000E+00  0.0000E+00
  0.0000E+00  0.0000E+00
  1.0400E+02  3.6069E+02  8.6963E+02  9.3978E-03 -4.9882E+00 -1.3490E-02
  1.0801E+02  7.8444E+00 -1.0293E+00  1.0850E+02  0.0000E+00  1.9766E+02
  0.0000E+00 -2.0000E+01  1.6338E+02  1.0857E+00  0.0000E+00  0.0000E+00
  0.0000E+00  0.0000E+00

  1.0500E+02  3.5916E+02  8.7737E+02  9.2058E-03 -4.9697E+00 -1.3272E-02
  1.0983E+02  7.7994E+00 -1.0303E+00  1.0867E+02  0.0000E+00  1.9747E+02
  0.0000E+00 -2.0000E+01  1.6346E+02  1.0882E+00  0.0000E+00  0.0000E+00
  0.0000E+00  0.0000E+00
  1.0600E+02  3.5740E+02  8.8501E+02  9.0094E-03 -4.9499E+00 -1.3037E-02
  1.1165E+02  7.7548E+00 -1.0311E+00  1.0881E+02  0.0000E+00  1.9728E+02
  0.0000E+00 -2.0000E+01  1.6330E+02  1.0851E+00  0.0000E+00  0.0000E+00
  0.0000E+00  0.0000E+00
  1.0700E+02  3.5541E+02  8.9256E+02  8.5749E-03 -4.9536E+00 -1.2416E-02
  1.1348E+02  7.7172E+00 -1.0232E+00  1.0854E+02  0.0000E+00  1.9674E+02
  0.0000E+00 -1.5400E+01  1.6311E+02  1.0841E+00  0.0000E+00  0.0000E+00
  0.0000E+00  0.0000E+00
  1.0800E+02  3.5318E+02  9.0000E+02  7.4909E-03 -5.0809E+00 -9.2688E-03
  1.1529E+02  7.6878E+00 -9.9915E-01  1.0746E+02  0.0000E+00  1.9076E+02
  0.0000E+00 -1.0800E+01  1.6325E+02  1.0869E+00  0.0000E+00  0.0000E+00
  0.0000E+00  0.0000E+00
  1.0900E+02  3.5070E+02  9.0733E+02  6.3908E-03 -5.3710E+00 -2.1115E-03
  1.1707E+02  7.6601E+00 -9.6354E-01  1.0559E+02  0.0000E+00  1.8338E+02
  0.0000E+00 -6.2000E+00  1.6310E+02  1.0839E+00  0.0000E+00  0.0000E+00
  0.0000E+00  0.0000E+00
##          0         112   20190918  160201
##      1    3789                                       


  1.1000E+02  3.4797E+02  9.1454E+02  5.4263E-03 -5.7682E+00  8.0743E-03
  1.1882E+02  7.6326E+00 -9.2216E-01  1.0304E+02  0.0000E+00  1.7858E+02
  0.0000E+00 -1.6000E+00  1.6293E+02  1.0831E+00  0.0000E+00  0.0000E+00
  0.0000E+00  0.0000E+00
  1.1100E+02  3.4501E+02  9.2161E+02  3.4711E-03 -6.1679E+00  1.7957E-02
  1.2053E+02  7.6079E+00 -8.7650E-01  9.9942E+01  0.0000E+00  1.7680E+02
  0.0000E+00  3.0000E+00  1.6310E+02  1.0861E+00  0.0000E+00  0.0000E+00
  0.0000E+00  0.0000E+00
  1.1200E+02  3.4181E+02  9.2856E+02 -5.9238E-04 -6.4663E+00  2.3306E-02
  1.2217E+02  7.5871E+00 -8.2825E-01  9.6358E+01  0.0000E+00  1.7620E+02
  0.0000E+00  7.6000E+00  1.6294E+02  1.0833E+00  0.0000E+00  0.0000E+00
  0.0000E+00  0.0000E+00
  1.1300E+02  3.3838E+02  9.3536E+02 -6.2550E-03 -6.5924E+00  2.1195E-02
  1.2376E+02  7.5713E+00 -7.7852E-01  9.2400E+01  0.0000E+00  1.7614E+02
  0.0000E+00  1.2200E+01  1.6278E+02  1.0826E+00  0.0000E+00  0.0000E+00
  0.0000E+00  0.0000E+00
  1.1400E+02  3.3474E+02  9.4204E+02 -1.1377E-02 -6.5286E+00  1.1894E-02
  1.2528E+02  7.5604E+00 -7.2668E-01  8.8214E+01  0.0000E+00  1.7634E+02
  0.0000E+00  1.6800E+01  1.6300E+02  1.0856E+00  0.0000E+00  0.0000E+00
  0.0000E+00  0.0000E+00

  1.1500E+02  3.3088E+02  9.4857E+02 -1.3510E-02 -6.3095E+00 -1.0482E-03
  1.2673E+02  7.5539E+00 -6.7333E-01  8.3916E+01  0.0000E+00  1.7669E+02
  0.0000E+00  1.9786E+01  1.6287E+02  1.0829E+00  0.0000E+00  0.0000E+00
  0.0000E+00  0.0000E+00
  1.1600E+02  3.2682E+02  9.5498E+02 -1.1537E-02 -5.9813E+00 -1.2310E-02
  1.2810E+02  7.5537E+00 -6.2271E-01  7.9697E+01  0.0000E+00  1.7710E+02
  0.0000E+00  1.9990E+01  1.6275E+02  1.0822E+00  0.0000E+00  0.0000E+00
  0.0000E+00  0.0000E+00
  1.1700E+02  3.2258E+02  9.6125E+02 -6.7402E-03 -5.5896E+00 -1.7640E-02
  1.2941E+02  7.5592E+00 -5.7505E-01  7.5594E+01  0.0000E+00  1.7755E+02
  0.0000E+00  2.0000E+01  1.6300E+02  1.0854E+00  0.0000E+00  0.0000E+00
  0.0000E+00  0.0000E+00
  1.1800E+02  3.1815E+02  9.6741E+02 -1.9793E-03 -5.1922E+00 -1.5900E-02
  1.3064E+02  7.5685E+00 -5.2968E-01  7.1585E+01  0.0000E+00  1.7803E+02
  0.0000E+00  2.0000E+01  1.6292E+02  1.0826E+00  0.0000E+00  0.0000E+00
  0.0000E+00  0.0000E+00
  1.1900E+02  3.1355E+02  9.7345E+02  2.8475E-04 -4.8391E+00 -8.9616E-03
  1.3180E+02  7.5802E+00 -4.8597E-01  6.7613E+01  0.0000E+00  1.7853E+02
  0.0000E+00  2.0000E+01  1.6285E+02  1.0820E+00  0.0000E+00  0.0000E+00
  0.0000E+00  0.0000E+00
##          0         112   20190918  160201
##      1    3789                                       


  1.2000E+02  3.0880E+02  9.7938E+02 -6.8013E-04 -4.5598E+00 -1.8929E-04
  1.3290E+02  7.5936E+00 -4.4376E-01  6.3633E+01  0.0000E+00  1.7906E+02
  0.0000E+00  2.0000E+01  1.6309E+02  1.0852E+00  0.0000E+00  0.0000E+00
  0.0000E+00  0.0000E+00
  1.2100E+02  3.0389E+02  9.8520E+02 -3.7425E-03 -4.3544E+00  7.2636E-03
  1.3394E+02  7.6089E+00 -4.0358E-01  5.9654E+01  0.0000E+00  1.7962E+02
  0.0000E+00  2.0000E+01  1.6304E+02  1.0825E+00  0.0000E+00  0.0000E+00
  0.0000E+00  0.0000E+00
  1.2200E+02  2.9885E+02  9.9092E+02 -6.9133E-03 -4.2005E+00  1.1656E-02
  1.3490E+02  7.6269E+00 -3.6561E-01  5.5688E+01  0.0000E+00  1.8019E+02
  0.0000E+00  2.0000E+01  1.6300E+02  1.0819E+00  0.0000E+00  0.0000E+00
  0.0000E+00  0.0000E+00
  1.2300E+02  2.9367E+02  9.9655E+02 -8.5862E-03 -4.0672E+00  1.2924E-02
  1.3580E+02  7.6477E+00 -3.2969E-01  5.1745E+01  0.0000E+00  1.8077E+02
  0.0000E+00  2.0000E+01  1.6322E+02  1.0851E+00  0.0000E+00  0.0000E+00
  0.0000E+00  0.0000E+00
  1.2400E+02  2.8836E+02  1.0021E+03 -8.2908E-03 -3.9273E+00  1.2189E-02
  1.3663E+02  7.6713E+00 -2.9540E-01  4.7830E+01  0.0000E+00  1.8137E+02
  0.0000E+00  2.0000E+01  1.6321E+02  1.0824E+00  0.0000E+00  0.0000E+00
  0.0000E+00  0.0000E+00

  1.2500E+02  2.8294E+02  1.0075E+03 -6.6589E-03 -3.7644E+00  1.0888E-02
  1.3740E+02  7.6975E+00 -2.6221E-01  4.3938E+01  0.0000E+00  1.8197E+02
  0.0000E+00  2.0000E+01  1.6321E+02  1.0818E+00  0.0000E+00  0.0000E+00
  0.0000E+00  0.0000E+00
  1.2600E+02  2.7740E+02  1.0129E+03 -4.8159E-03 -3.5760E+00  1.0032E-02
  1.3810E+02  7.7258E+00 -2.2889E-01  4.0115E+01  0.0000E+00  1.8260E+02
  0.0000E+00  2.0000E+01  1.6340E+02  1.0850E+00  0.0000E+00  0.0000E+00
  0.0000E+00  0.0000E+00
  1.2700E+02  2.7176E+02  1.0182E+03 -3.6509E-03 -3.3714E+00  9.9284E-03
  1.3874E+02  7.7556E+00 -1.9498E-01  3.6369E+01  0.0000E+00  1.8324E+02
  0.0000E+00  2.0000E+01  1.6343E+02  1.0823E+00  0.0000E+00  0.0000E+00
  0.0000E+00  0.0000E+00
  1.2800E+02  2.6601E+02  1.0234E+03 -3.4147E-03 -3.1621E+00  1.0416E-02
  1.3932E+02  7.7867E+00 -1.6066E-01  3.2686E+01  0.0000E+00  1.8390E+02
  0.0000E+00  2.0000E+01  1.6348E+02  1.0818E+00  0.0000E+00  0.0000E+00
  0.0000E+00  0.0000E+00
  1.2900E+02  2.6017E+02  1.0286E+03 -3.7879E-03 -2.9575E+00  1.1166E-02
  1.3984E+02  7.8188E+00 -1.2614E-01  2.9052E+01  0.0000E+00  1.8458E+02
  0.0000E+00  2.0000E+01  1.6362E+02  1.0850E+00  0.0000E+00  0.0000E+00
  0.0000E+00  0.0000E+00
##          0         112   20190918  160201
##      1    3789                                       


  1.3000E+02  2.5423E+02  1.0337E+03 -4.2391E-03 -2.7647E+00  1.1908E-02
  1.4029E+02  7.8516E+00 -9.0767E-02  2.5453E+01  0.0000E+00  1.8527E+02
  0.0000E+00  2.0000E+01  1.6368E+02  1.0823E+00  0.0000E+00  0.0000E+00
  0.0000E+00  0.0000E+00
  1.3100E+02  2.4821E+02  1.0388E+03 -4.3768E-03 -2.5875E+00  1.2534E-02
  1.4069E+02  7.8852E+00 -5.4435E-02  2.1874E+01  0.0000E+00  1.8599E+02
  0.0000E+00  2.0000E+01  1.6377E+02  1.0888E+00  0.0000E+00  0.0000E+00
  0.0000E+00  0.0000E+00
  1.3200E+02  2.4211E+02  1.0438E+03 -4.1261E-03 -2.4244E+00  1.3094E-02
  1.4102E+02  7.9195E+00 -1.7374E-02  1.8299E+01  0.0000E+00  1.8672E+02
  0.0000E+00  2.0000E+01  1.6357E+02  1.0872E+00  0.0000E+00  0.0000E+00
  0.0000E+00  0.0000E+00
  1.3300E+02  2.3593E+02  1.0488E+03 -3.6539E-03 -2.2682E+00  1.3594E-02
  1.4130E+02  7.9541E+00  2.0235E-02  1.4721E+01  0.0000E+00  1.8747E+02
  0.0000E+00  2.0000E+01  1.6369E+02  1.0929E+00  0.0000E+00  0.0000E+00
  0.0000E+00  0.0000E+00
  1.3400E+02  2.2967E+02  1.0537E+03 -3.2033E-03 -2.1107E+00  1.4014E-02
  1.4151E+02  7.9891E+00  5.8376E-02  1.1131E+01  0.0000E+00  1.8824E+02
  0.0000E+00  2.0000E+01  1.6354E+02  1.0907E+00  0.0000E+00  0.0000E+00
  0.0000E+00  0.0000E+00

  1.3500E+02  2.2335E+02  1.0587E+03 -2.9016E-03 -1.9449E+00  1.4281E-02
  1.4167E+02  8.0242E+00  9.7181E-02  7.5231E+00  0.0000E+00  1.8903E+02
  0.0000E+00  2.0000E+01  1.6345E+02  1.0969E+00  0.0000E+00  0.0000E+00
  0.0000E+00  0.0000E+00
  1.3600E+02  2.1697E+02  1.0635E+03 -2.7137E-03 -1.7668E+00  1.4367E-02
  1.4177E+02  8.0592E+00  1.3674E-01  3.9002E+00  0.0000E+00  1.8984E+02
  0.0000E+00  2.0000E+01  1.6328E+02  1.0966E+00  0.0000E+00  0.0000E+00
  0.0000E+00  0.0000E+00
  1.3700E+02  2.1052E+02  1.0684E+03 -2.5008E-03 -1.5747E+00  1.4309E-02
  1.4180E+02  8.0939E+00  1.7651E-01  2.6537E-01  0.0000E+00  1.9066E+02
  0.0000E+00  2.0000E+01  1.6352E+02  1.0983E+00  0.0000E+00  0.0000E+00
  0.0000E+00  0.0000E+00
  1.3800E+02  2.0403E+02  1.0733E+03 -2.1333E-03 -1.3662E+00  1.4207E-02
  1.4177E+02  8.1283E+00  2.1587E-01 -3.3779E+00  0.0000E+00  1.9149E+02
  0.0000E+00  2.0000E+01  1.6342E+02  1.1047E+00  0.0000E+00  0.0000E+00
  0.0000E+00  0.0000E+00
  1.3900E+02  1.9749E+02  1.0781E+03 -1.5845E-03 -1.1421E+00  1.4167E-02
  1.4169E+02  8.1621E+00  2.5471E-01 -7.0157E+00  0.0000E+00  1.9232E+02
  0.0000E+00  2.0000E+01  1.6338E+02  1.1008E+00  0.0000E+00  0.0000E+00
  0.0000E+00  0.0000E+00
##          0         112   20190918  160201
##      1    3789                                       


  1.4000E+02  1.9090E+02  1.0830E+03 -9.2151E-04 -9.0642E-01  1.4193E-02
  1.4154E+02  8.1950E+00  2.9304E-01 -1.0641E+01  0.0000E+00  1.9316E+02
  0.0000E+00  2.0000E+01  1.6338E+02  1.1052E+00  0.0000E+00  0.0000E+00
  0.0000E+00  0.0000E+00
  1.4100E+02  1.8429E+02  1.0879E+03 -2.6341E-04 -6.6424E-01  1.4258E-02
  1.4133E+02  8.2270E+00  3.2981E-01 -1.4303E+01  0.0000E+00  1.9400E+02
  0.0000E+00  2.0000E+01  1.6332E+02  1.1106E+00  0.0000E+00  0.0000E+00
  0.0000E+00  0.0000E+00
  1.4200E+02  1.7764E+02  1.0928E+03  3.1057E-04 -4.1751E-01  1.4284E-02
  1.4106E+02  8.2577E+00  3.6466E-01 -1.8002E+01  0.0000E+00  1.9452E+02
  0.0000E+00  2.0000E+01  1.6334E+02  1.1058E+00  0.0000E+00  0.0000E+00
  0.0000E+00  0.0000E+00
  1.4300E+02  1.7098E+02  1.0977E+03  8.2010E-04 -1.6832E-01  1.4104E-02
  1.4073E+02  8.2866E+00  3.9790E-01 -2.1717E+01  0.0000E+00  1.9471E+02
  0.0000E+00  2.0000E+01  1.6337E+02  1.1093E+00  0.0000E+00  0.0000E+00
  0.0000E+00  0.0000E+00
  1.4400E+02  1.6431E+02  1.1026E+03  1.3357E-03  7.9734E-02  1.3644E-02
  1.4034E+02  8.3137E+00  4.2985E-01 -2.5433E+01  0.0000E+00  1.9490E+02
  0.0000E+00  2.0000E+01  1.6335E+02  1.1139E+00  0.0000E+00  0.0000E+00
  0.0000E+00  0.0000E+00

  1.4500E+02  1.5763E+02  1.1076E+03  1.9198E-03  3.2316E-01  1.2939E-02
  1.3988E+02  8.3390E+00  4.6066E-01 -2.9136E+01  0.0000E+00  1.9508E+02
  0.0000E+00  2.0000E+01  1.6310E+02  1.1123E+00  0.0000E+00  0.0000E+00
  0.0000E+00  0.0000E+00
  1.4600E+02  1.5095E+02  1.1127E+03  2.5869E-03  5.5982E-01  1.2081E-02
  1.3936E+02  8.3622E+00  4.9044E-01 -3.2813E+01  0.0000E+00  1.9526E+02
  0.0000E+00  2.0000E+01  1.6317E+02  1.1134E+00  0.0000E+00  0.0000E+00
  0.0000E+00  0.0000E+00
  1.4700E+02  1.4429E+02  1.1178E+03  3.2977E-03  7.8904E-01  1.1173E-02
  1.3879E+02  8.3833E+00  5.1930E-01 -3.6455E+01  0.0000E+00  1.9543E+02
  0.0000E+00  2.0000E+01  1.6324E+02  1.1161E+00  0.0000E+00  0.0000E+00
  0.0000E+00  0.0000E+00
  1.4800E+02  1.3765E+02  1.1229E+03  3.9915E-03  1.0115E+00  1.0284E-02
  1.3815E+02  8.4023E+00  5.4730E-01 -4.0056E+01  0.0000E+00  1.9559E+02
  0.0000E+00  2.0000E+01  1.6325E+02  1.1195E+00  0.0000E+00  0.0000E+00
  0.0000E+00  0.0000E+00
  1.4900E+02  1.3103E+02  1.1281E+03  4.6250E-03  1.2286E+00  9.4401E-03
  1.3745E+02  8.4190E+00  5.7446E-01 -4.3605E+01  0.0000E+00  1.9575E+02
  0.0000E+00  2.0000E+01  1.6304E+02  1.1169E+00  0.0000E+00  0.0000E+00
  0.0000E+00  0.0000E+00
##          0         112   20190918  160201
##      1    3789                                       


  1.5000E+02  1.2446E+02  1.1334E+03  5.1929E-03  1.4419E+00  8.6274E-03
  1.3669E+02  8.4333E+00  6.0073E-01 -4.7090E+01  0.0000E+00  1.9589E+02
  0.0000E+00  2.0000E+01  1.6314E+02  1.1173E+00  0.0000E+00  0.0000E+00
  0.0000E+00  0.0000E+00
  1.5100E+02  1.1792E+02  1.1388E+03  5.7136E-03  1.6543E+00  7.8464E-03
  1.3588E+02  8.4452E+00  6.2550E-01 -5.0459E+01  0.0000E+00  1.9603E+02
  0.0000E+00  2.0000E+01  1.6322E+02  1.1193E+00  0.0000E+00  0.0000E+00
  0.0000E+00  0.0000E+00
  1.5200E+02  1.1145E+02  1.1443E+03  6.2187E-03  1.8682E+00  7.1326E-03
  1.3501E+02  8.4548E+00  6.4887E-01 -5.3701E+01  0.0000E+00  1.9615E+02
  0.0000E+00  2.0000E+01  1.6323E+02  1.1221E+00  0.0000E+00  0.0000E+00
  0.0000E+00  0.0000E+00
  1.5300E+02  1.0503E+02  1.1498E+03  6.7195E-03  2.0816E+00  6.5037E-03
  1.3408E+02  8.4619E+00  6.7101E-01 -5.6814E+01  0.0000E+00  1.9626E+02
  0.0000E+00  2.0000E+01  1.6303E+02  1.1191E+00  0.0000E+00  0.0000E+00
  0.0000E+00  0.0000E+00
  1.5400E+02  9.8693E+01  1.1555E+03  7.1855E-03  2.2905E+00  5.9121E-03
  1.3311E+02  8.4666E+00  6.9205E-01 -5.9798E+01  0.0000E+00  1.9636E+02
  0.0000E+00  2.0000E+01  1.6312E+02  1.1191E+00  0.0000E+00  0.0000E+00
  0.0000E+00  0.0000E+00

  1.5500E+02  9.2434E+01  1.1612E+03  7.5670E-03  2.4901E+00  5.2636E-03
  1.3209E+02  8.4690E+00  7.1211E-01 -6.2655E+01  0.0000E+00  1.9644E+02
  0.0000E+00  2.0000E+01  1.6321E+02  1.1207E+00  0.0000E+00  0.0000E+00
  0.0000E+00  0.0000E+00
  1.5600E+02  8.6264E+01  1.1671E+03  7.8392E-03  2.6768E+00  4.4658E-03
  1.3102E+02  8.4692E+00  7.3123E-01 -6.5385E+01  0.0000E+00  1.9652E+02
  0.0000E+00  2.0000E+01  1.6320E+02  1.1170E+00  0.0000E+00  0.0000E+00
  0.0000E+00  0.0000E+00
  1.5700E+02  8.0194E+01  1.1730E+03  8.0322E-03  2.8494E+00  3.4637E-03
  1.2990E+02  8.4670E+00  7.4938E-01 -6.7986E+01  0.0000E+00  1.9658E+02
  0.0000E+00  2.0000E+01  1.6326E+02  1.1165E+00  0.0000E+00  0.0000E+00
  0.0000E+00  0.0000E+00
  1.5800E+02  7.4230E+01  1.1791E+03  8.2072E-03  3.0078E+00  2.3296E-03
  1.2874E+02  8.4629E+00  7.6669E-01 -7.0465E+01  0.0000E+00  1.9662E+02
  0.0000E+00  2.0000E+01  1.6331E+02  1.1186E+00  0.0000E+00  0.0000E+00
  0.0000E+00  0.0000E+00
  1.5900E+02  6.8381E+01  1.1852E+03  8.4103E-03  3.1534E+00  1.2031E-03
  1.2755E+02  8.4569E+00  7.8319E-01 -7.2822E+01  0.0000E+00  1.9666E+02
  0.0000E+00  2.0000E+01  1.6327E+02  1.1152E+00  0.0000E+00  0.0000E+00
  0.0000E+00  0.0000E+00
##          0         112   20190918  160201
##      1    3789                                       


  1.6000E+02  6.2655E+01  1.1915E+03  8.6526E-03  3.2890E+00  2.0028E-04
  1.2631E+02  8.4487E+00  7.9882E-01 -7.5056E+01  0.0000E+00  1.9668E+02
  0.0000E+00  2.0000E+01  1.6331E+02  1.1150E+00  0.0000E+00  0.0000E+00
  0.0000E+00  0.0000E+00
  1.6100E+02  5.7061E+01  1.1979E+03  8.9013E-03  3.4166E+00 -5.8095E-04
  1.2504E+02  8.4388E+00  8.1373E-01 -7.7175E+01  0.0000E+00  1.9669E+02
  0.0000E+00  2.0000E+01  1.6333E+02  1.1174E+00  0.0000E+00  0.0000E+00
  0.0000E+00  0.0000E+00
  1.6200E+02  5.1605E+01  1.2044E+03  9.1038E-03  3.5379E+00 -1.1416E-03
  1.2373E+02  8.4270E+00  8.2790E-01 -7.9179E+01  0.0000E+00  1.9669E+02
  0.0000E+00  2.0000E+01  1.6325E+02  1.1138E+00  0.0000E+00  0.0000E+00
  0.0000E+00  0.0000E+00
  1.6300E+02  4.6295E+01  1.2110E+03  9.2224E-03  3.6536E+00 -1.5460E-03
  1.2239E+02  8.4134E+00  8.4141E-01 -8.1073E+01  0.0000E+00  1.9668E+02
  0.0000E+00  2.0000E+01  1.6325E+02  1.1146E+00  0.0000E+00  0.0000E+00
  0.0000E+00  0.0000E+00
  1.6400E+02  4.1139E+01  1.2177E+03  9.2523E-03  3.7636E+00 -1.9026E-03
  1.2102E+02  8.3981E+00  8.5428E-01 -8.2861E+01  0.0000E+00  1.9666E+02
  0.0000E+00  2.0000E+01  1.6345E+02  1.1161E+00  0.0000E+00  0.0000E+00
  0.0000E+00  0.0000E+00

  1.6500E+02  3.6143E+01  1.2245E+03  9.2257E-03  3.8672E+00 -2.3041E-03
  1.1962E+02  8.3811E+00  8.6652E-01 -8.4544E+01  0.0000E+00  1.9662E+02
  0.0000E+00  2.0000E+01  1.6341E+02  1.1103E+00  0.0000E+00  0.0000E+00
  0.0000E+00  0.0000E+00
  1.6600E+02  3.1314E+01  1.2313E+03  9.1907E-03  3.9638E+00 -2.8005E-03
  1.1819E+02  8.3628E+00  8.7821E-01 -8.6130E+01  0.0000E+00  1.9660E+02
  0.0000E+00  2.0000E+01  1.6339E+02  1.1130E+00  0.0000E+00  0.0000E+00
  0.0000E+00  0.0000E+00
  1.6700E+02  2.6658E+01  1.2383E+03  9.1807E-03  4.0534E+00 -3.3818E-03
  1.1673E+02  8.3429E+00  8.8900E-01 -8.7631E+01  0.0000E+00  1.9662E+02
  0.0000E+00  2.0000E+01  1.6353E+02  1.1064E+00  0.0000E+00  0.0000E+00
  0.0000E+00  0.0000E+00
  1.6800E+02  2.2182E+01  1.2454E+03  9.2157E-03  4.1370E+00 -4.0097E-03
  1.1525E+02  8.3218E+00  8.9897E-01 -8.9063E+01  0.0000E+00  1.9662E+02
  0.0000E+00  2.0000E+01  1.6347E+02  1.1098E+00  0.0000E+00  0.0000E+00
  0.0000E+00  0.0000E+00
  1.6900E+02  1.7892E+01  1.2526E+03  9.2855E-03  4.2148E+00 -4.6006E-03
  1.1375E+02  8.2995E+00  9.0815E-01 -9.0422E+01  0.0000E+00  1.9663E+02
  0.0000E+00  2.0000E+01  1.6358E+02  1.1037E+00  0.0000E+00  0.0000E+00
  0.0000E+00  0.0000E+00
##          0         112   20190918  160201
##      1    3789                                       


  1.7000E+02  1.3793E+01  1.2599E+03  9.3576E-03  4.2868E+00 -5.0995E-03
  1.1223E+02  8.2762E+00  9.1677E-01 -9.1714E+01  0.0000E+00  1.9661E+02
  0.0000E+00  2.0000E+01  1.6349E+02  1.1075E+00  0.0000E+00  0.0000E+00
  0.0000E+00  0.0000E+00
  1.7100E+02  9.8908E+00  1.2672E+03  9.3851E-03  4.3528E+00 -5.4929E-03
  1.1068E+02  8.2517E+00  9.2476E-01 -9.2936E+01  0.0000E+00  1.9659E+02
  0.0000E+00  2.0000E+01  1.6357E+02  1.1018E+00  0.0000E+00  0.0000E+00
  0.0000E+00  0.0000E+00
  1.7200E+02  6.1905E+00  1.2746E+03  9.3472E-03  4.4130E+00 -5.8348E-03
  1.0912E+02  8.2262E+00  9.3222E-01 -9.4090E+01  0.0000E+00  1.9655E+02
  0.0000E+00  2.0000E+01  1.6368E+02  1.0982E+00  0.0000E+00  0.0000E+00
  0.0000E+00  0.0000E+00
  1.7300E+02  2.6967E+00  1.2821E+03  9.2590E-03  4.4678E+00 -6.1696E-03
  1.0753E+02  8.1998E+00  9.3918E-01 -9.5178E+01  0.0000E+00  1.9651E+02
  0.0000E+00  2.0000E+01  1.6379E+02  1.0987E+00  0.0000E+00  0.0000E+00
  0.0000E+00  0.0000E+00
  1.7400E+02 -5.8641E-01  1.2897E+03  9.1555E-03  4.5171E+00 -6.5118E-03
  1.0593E+02  8.1724E+00  9.4570E-01 -9.6202E+01  0.0000E+00  1.9646E+02
  0.0000E+00  2.0000E+01  1.6384E+02  1.0940E+00  0.0000E+00  0.0000E+00
  0.0000E+00  0.0000E+00

  1.7500E+02 -3.6548E+00  1.2973E+03  9.0672E-03  4.5613E+00 -6.8523E-03
  1.0431E+02  8.1443E+00  9.5183E-01 -9.7165E+01  0.0000E+00  1.9640E+02
  0.0000E+00  2.0000E+01  1.6387E+02  1.0916E+00  0.0000E+00  0.0000E+00
  0.0000E+00  0.0000E+00
  1.7600E+02 -6.5050E+00  1.3050E+03  9.0033E-03  4.6007E+00 -7.1660E-03
  1.0267E+02  8.1156E+00  9.5757E-01 -9.8068E+01  0.0000E+00  1.9633E+02
  0.0000E+00  2.0000E+01  1.6391E+02  1.0932E+00  0.0000E+00  0.0000E+00
  0.0000E+00  0.0000E+00
  1.7700E+02 -9.1337E+00  1.3127E+03  8.9519E-03  4.6355E+00 -7.4269E-03
  1.0102E+02  8.0862E+00  9.6294E-01 -9.8915E+01  0.0000E+00  1.9626E+02
  0.0000E+00  2.0000E+01  1.6390E+02  1.0893E+00  0.0000E+00  0.0000E+00
  0.0000E+00  0.0000E+00
  1.7800E+02 -1.1538E+01  1.3204E+03  8.8926E-03  4.6663E+00 -7.6277E-03
  9.9361E+01  8.0563E+00  9.6798E-01 -9.9708E+01  0.0000E+00  1.9618E+02
  0.0000E+00  2.0000E+01  1.6387E+02  1.0876E+00  0.0000E+00  0.0000E+00
  0.0000E+00  0.0000E+00
  1.7900E+02 -1.3716E+01  1.3283E+03  8.8099E-03  4.6935E+00 -7.7758E-03
  9.7684E+01  8.0259E+00  9.7269E-01 -1.0045E+02  0.0000E+00  1.9610E+02
  0.0000E+00  2.0000E+01  1.6389E+02  1.0899E+00  0.0000E+00  0.0000E+00
  0.0000E+00  0.0000E+00
##          0         112   20190918  160201
##      1    3789                                       


  1.8000E+02 -1.5664E+01  1.3361E+03  8.7012E-03  4.7173E+00 -7.8851E-03
  9.5996E+01  7.9950E+00  9.7710E-01 -1.0114E+02  0.0000E+00  1.9601E+02
  0.0000E+00  2.0000E+01  1.6384E+02  1.0865E+00  0.0000E+00  0.0000E+00
  0.0000E+00  0.0000E+00
  1.8100E+02 -1.7382E+01  1.3439E+03  8.5762E-03  4.7378E+00 -7.9745E-03
  9.4296E+01  7.9639E+00  9.8125E-01 -1.0178E+02  0.0000E+00  1.9591E+02
  0.0000E+00  2.0000E+01  1.6376E+02  1.0853E+00  0.0000E+00  0.0000E+00
  0.0000E+00  0.0000E+00
  1.8200E+02 -1.8867E+01  1.3518E+03  8.4484E-03  4.7553E+00 -8.0552E-03
  9.2586E+01  7.9324E+00  9.8512E-01 -1.0238E+02  0.0000E+00  1.9582E+02
  0.0000E+00  2.0000E+01  1.6378E+02  1.0879E+00  0.0000E+00  0.0000E+00
  0.0000E+00  0.0000E+00
  1.8300E+02 -2.0120E+01  1.3597E+03  8.3272E-03  4.7699E+00 -8.1259E-03
  9.0866E+01  7.9007E+00  9.8872E-01 -1.0294E+02  0.0000E+00  1.9571E+02
  0.0000E+00  2.0000E+01  1.6369E+02  1.0848E+00  0.0000E+00  0.0000E+00
  0.0000E+00  0.0000E+00
  1.8400E+02 -2.1138E+01  1.3676E+03  8.2150E-03  4.7817E+00 -8.1846E-03
  8.9137E+01  7.8689E+00  9.9209E-01 -1.0345E+02  0.0000E+00  1.9561E+02
  0.0000E+00  2.0000E+01  1.6358E+02  1.0838E+00  0.0000E+00  0.0000E+00
  0.0000E+00  0.0000E+00

  1.8500E+02 -2.1921E+01  1.3754E+03  8.1069E-03  4.7909E+00 -8.2265E-03
  8.7400E+01  7.8369E+00  9.9521E-01 -1.0392E+02  0.0000E+00  1.9550E+02
  0.0000E+00  2.0000E+01  1.6362E+02  1.0867E+00  0.0000E+00  0.0000E+00
  0.0000E+00  0.0000E+00
  1.8600E+02 -2.2470E+01  1.3833E+03  7.9963E-03  4.7976E+00 -8.2452E-03
  8.5655E+01  7.8048E+00  9.9810E-01 -1.0436E+02  0.0000E+00  1.9539E+02
  0.0000E+00  2.0000E+01  1.6350E+02  1.0838E+00  0.0000E+00  0.0000E+00
  0.0000E+00  0.0000E+00
  1.8700E+02 -2.2784E+01  1.3912E+03  7.8790E-03  4.8021E+00 -8.2429E-03
  8.3904E+01  7.7726E+00  1.0008E+00 -1.0476E+02  0.0000E+00  1.9528E+02
  0.0000E+00  2.0000E+01  1.6335E+02  1.0830E+00  0.0000E+00  0.0000E+00
  0.0000E+00  0.0000E+00
  1.8800E+02 -2.2865E+01  1.3990E+03  7.7551E-03  4.8045E+00 -8.2238E-03
  8.2145E+01  7.7405E+00  1.0033E+00 -1.0513E+02  0.0000E+00  1.9516E+02
  0.0000E+00  2.0000E+01  1.6344E+02  1.0860E+00  0.0000E+00  0.0000E+00
  0.0000E+00  0.0000E+00
  1.8900E+02 -2.2712E+01  1.4068E+03  7.6269E-03  4.8049E+00 -8.1878E-03
  8.0381E+01  7.7083E+00  1.0055E+00 -1.0547E+02  0.0000E+00  1.9505E+02
  0.0000E+00  2.0000E+01  1.6328E+02  1.0832E+00  0.0000E+00  0.0000E+00
  0.0000E+00  0.0000E+00
##          0         112   20190918  160201
##      1    3789                                       


  1.9000E+02 -2.2327E+01  1.4145E+03  7.4986E-03  4.8034E+00 -8.1396E-03
  7.8612E+01  7.6763E+00  1.0076E+00 -1.0577E+02  0.0000E+00  1.9493E+02
  0.0000E+00  2.0000E+01  1.6310E+02  1.0825E+00  0.0000E+00  0.0000E+00
  0.0000E+00  0.0000E+00
  1.9100E+02 -2.1711E+01  1.4222E+03  7.3727E-03  4.8003E+00 -8.0816E-03
  7.6837E+01  7.6443E+00  1.0095E+00 -1.0605E+02  0.0000E+00  1.9481E+02
  0.0000E+00  2.0000E+01  1.6323E+02  1.0856E+00  0.0000E+00  0.0000E+00
  0.0000E+00  0.0000E+00
  1.9200E+02 -2.0867E+01  1.4299E+03  7.2493E-03  4.7956E+00 -8.0103E-03
  7.5059E+01  7.6125E+00  1.0112E+00 -1.0629E+02  0.0000E+00  1.9469E+02
  0.0000E+00  2.0000E+01  1.6305E+02  1.0828E+00  0.0000E+00  0.0000E+00
  0.0000E+00  0.0000E+00
  1.9300E+02 -1.9795E+01  1.4375E+03  7.1279E-03  4.7894E+00 -7.9282E-03
  7.3276E+01  7.5808E+00  1.0128E+00 -1.0652E+02  0.0000E+00  1.9457E+02
  0.0000E+00  2.0000E+01  1.6284E+02  1.0822E+00  0.0000E+00  0.0000E+00
  0.0000E+00  0.0000E+00
  1.9400E+02 -1.8498E+01  1.4450E+03  7.0065E-03  4.7819E+00 -7.8369E-03
  7.1490E+01  7.5493E+00  1.0142E+00 -1.0671E+02  0.0000E+00  1.9445E+02
  0.0000E+00  2.0000E+01  1.6302E+02  1.0853E+00  0.0000E+00  0.0000E+00
  0.0000E+00  0.0000E+00

  1.9500E+02 -1.6979E+01  1.4524E+03  6.8841E-03  4.7731E+00 -7.7337E-03
  6.9700E+01  7.5180E+00  1.0155E+00 -1.0689E+02  0.0000E+00  1.9433E+02
  0.0000E+00  2.0000E+01  1.6282E+02  1.0826E+00  0.0000E+00  0.0000E+00
  0.0000E+00  0.0000E+00
  1.9600E+02 -1.5237E+01  1.4598E+03  6.5443E-03  4.7881E+00 -7.3057E-03
  6.7911E+01  7.4921E+00  1.0077E+00 -1.0666E+02  0.0000E+00  1.9411E+02
  0.0000E+00  1.5400E+01  1.6260E+02  1.0820E+00  0.0000E+00  0.0000E+00
  0.0000E+00  0.0000E+00
  1.9700E+02 -1.3260E+01  1.4671E+03  5.6635E-03  4.9274E+00 -4.6349E-03
  6.6131E+01  7.4721E+00  9.8376E-01 -1.0561E+02  0.0000E+00  1.8989E+02
  0.0000E+00  1.0800E+01  1.6280E+02  1.0852E+00  0.0000E+00  0.0000E+00
  0.0000E+00  0.0000E+00
  1.9800E+02 -1.1040E+01  1.4743E+03  4.8553E-03  5.2307E+00  1.7826E-03
  6.4376E+01  7.4522E+00  9.4760E-01 -1.0377E+02  0.0000E+00  1.8505E+02
  0.0000E+00  6.2000E+00  1.6265E+02  1.0825E+00  0.0000E+00  0.0000E+00
  0.0000E+00  0.0000E+00
  1.9900E+02 -8.5756E+00  1.4813E+03  4.1964E-03  5.6424E+00  1.1122E-02
  6.2657E+01  7.4309E+00  9.0589E-01 -1.0125E+02  0.0000E+00  1.8084E+02
  0.0000E+00  1.6000E+00  1.6244E+02  1.0819E+00  0.0000E+00  0.0000E+00
  0.0000E+00  0.0000E+00
##          0         112   20190918  160201
##      1    3789                                       


  2.0000E+02 -5.8742E+00  1.4883E+03  2.5776E-03  6.0506E+00  2.0172E-02
  6.0984E+01  7.4113E+00  8.6097E-01 -9.8180E+01  0.0000E+00  1.7876E+02
  0.0000E+00 -3.0000E+00  1.6263E+02  1.0851E+00  0.0000E+00  0.0000E+00
  0.0000E+00  0.0000E+00
  2.0100E+02 -2.9421E+00  1.4952E+03 -1.1819E-03  6.3477E+00  2.4727E-02
  5.9365E+01  7.3948E+00  8.1334E-01 -9.4648E+01  0.0000E+00  1.7801E+02
  0.0000E+00 -7.6000E+00  1.6251E+02  1.0824E+00  0.0000E+00  0.0000E+00
  0.0000E+00  0.0000E+00
  2.0200E+02  2.1320E-01  1.5019E+03 -6.6327E-03  6.4649E+00  2.1837E-02
  5.7807E+01  7.3817E+00  7.6401E-01 -9.0755E+01  0.0000E+00  1.7799E+02
  0.0000E+00 -1.2200E+01  1.6230E+02  1.0818E+00  0.0000E+00  0.0000E+00
  0.0000E+00  0.0000E+00
  2.0300E+02  3.5832E+00  1.5085E+03 -1.1562E-02  6.3877E+00  1.1713E-02
  5.6315E+01  7.3713E+00  7.1298E-01 -8.6645E+01  0.0000E+00  1.7836E+02
  0.0000E+00 -1.6800E+01  1.6252E+02  1.0850E+00  0.0000E+00  0.0000E+00
  0.0000E+00  0.0000E+00
  2.0400E+02  7.1588E+00  1.5150E+03 -1.3399E-02  6.1538E+00 -2.1424E-03
  5.4894E+01  7.3627E+00  6.6086E-01 -8.2439E+01  0.0000E+00  1.7893E+02
  0.0000E+00 -1.9786E+01  1.6242E+02  1.0823E+00  0.0000E+00  0.0000E+00
  0.0000E+00  0.0000E+00

  2.0500E+02  1.0930E+01  1.5213E+03 -1.1026E-02  5.8142E+00 -1.4178E-02
  5.3543E+01  7.3599E+00  6.1122E-01 -7.8310E+01  0.0000E+00  1.7957E+02
  0.0000E+00 -1.9990E+01  1.6224E+02  1.0818E+00  0.0000E+00  0.0000E+00
  0.0000E+00  0.0000E+00
  2.0600E+02  1.4885E+01  1.5276E+03 -5.8409E-03  5.4199E+00 -1.9755E-02
  5.2263E+01  7.3627E+00  5.6418E-01 -7.4292E+01  0.0000E+00  1.8023E+02
  0.0000E+00 -2.0000E+01  1.6250E+02  1.0850E+00  0.0000E+00  0.0000E+00
  0.0000E+00  0.0000E+00
  2.0700E+02  1.9016E+01  1.5337E+03 -8.3367E-04  5.0295E+00 -1.7635E-02
  5.1051E+01  7.3693E+00  5.1922E-01 -7.0366E+01  0.0000E+00  1.8090E+02
  0.0000E+00 -2.0000E+01  1.6244E+02  1.0823E+00  0.0000E+00  0.0000E+00
  0.0000E+00  0.0000E+00
  2.0800E+02  2.3312E+01  1.5397E+03  1.4308E-03  4.6901E+00 -9.9365E-03
  4.9905E+01  7.3782E+00  4.7594E-01 -6.6484E+01  0.0000E+00  1.8155E+02
  0.0000E+00 -2.0000E+01  1.6229E+02  1.0818E+00  0.0000E+00  0.0000E+00
  0.0000E+00  0.0000E+00
  2.0900E+02  2.7763E+01  1.5456E+03  2.0753E-04  4.4269E+00 -4.5337E-04
  4.8825E+01  7.3886E+00  4.3416E-01 -6.2597E+01  0.0000E+00  1.8218E+02
  0.0000E+00 -2.0000E+01  1.6258E+02  1.0850E+00  0.0000E+00  0.0000E+00
  0.0000E+00  0.0000E+00
##          0         112   20190918  160201
##      1    3789                                       


  2.1000E+02  3.2360E+01  1.5514E+03 -3.2576E-03  4.2360E+00  7.3090E-03
  4.7810E+01  7.4010E+00  3.9447E-01 -5.8716E+01  0.0000E+00  1.8283E+02
  0.0000E+00 -2.0000E+01  1.6252E+02  1.0823E+00  0.0000E+00  0.0000E+00
  0.0000E+00  0.0000E+00
  2.1100E+02  3.7095E+01  1.5571E+03 -6.7783E-03  4.0930E+00  1.1510E-02
  4.6860E+01  7.4160E+00  3.5699E-01 -5.4852E+01  0.0000E+00  1.8344E+02
  0.0000E+00 -2.0000E+01  1.6240E+02  1.0817E+00  0.0000E+00  0.0000E+00
  0.0000E+00  0.0000E+00
  2.1200E+02  4.1959E+01  1.5627E+03 -8.5821E-03  3.9664E+00  1.2253E-02
  4.5974E+01  7.4338E+00  3.2158E-01 -5.1015E+01  0.0000E+00  1.8402E+02
  0.0000E+00 -2.0000E+01  1.6271E+02  1.0849E+00  0.0000E+00  0.0000E+00
  0.0000E+00  0.0000E+00
  2.1300E+02  4.6945E+01  1.5683E+03 -8.1606E-03  3.8297E+00  1.0956E-02
  4.5152E+01  7.4545E+00  2.8777E-01 -4.7206E+01  0.0000E+00  1.8458E+02
  0.0000E+00 -2.0000E+01  1.6265E+02  1.0823E+00  0.0000E+00  0.0000E+00
  0.0000E+00  0.0000E+00
  2.1400E+02  5.2047E+01  1.5737E+03 -6.2506E-03  3.6681E+00  9.3095E-03
  4.4394E+01  7.4778E+00  2.5503E-01 -4.3421E+01  0.0000E+00  1.8513E+02
  0.0000E+00 -2.0000E+01  1.6258E+02  1.0817E+00  0.0000E+00  0.0000E+00
  0.0000E+00  0.0000E+00

  2.1500E+02  5.7259E+01  1.5791E+03 -4.1524E-03  3.4807E+00  8.4193E-03
  4.3699E+01  7.5031E+00  2.2218E-01 -3.9702E+01  0.0000E+00  1.8566E+02
  0.0000E+00 -2.0000E+01  1.6288E+02  1.0849E+00  0.0000E+00  0.0000E+00
  0.0000E+00  0.0000E+00
  2.1600E+02  6.2575E+01  1.5844E+03 -2.8940E-03  3.2778E+00  8.5186E-03
  4.3065E+01  7.5299E+00  1.8879E-01 -3.6058E+01  0.0000E+00  1.8619E+02
  0.0000E+00 -2.0000E+01  1.6284E+02  1.0823E+00  0.0000E+00  0.0000E+00
  0.0000E+00  0.0000E+00
  2.1700E+02  6.7991E+01  1.5897E+03 -2.7556E-03  3.0719E+00  9.2776E-03
  4.2492E+01  7.5579E+00  1.5503E-01 -3.2473E+01  0.0000E+00  1.8672E+02
  0.0000E+00 -2.0000E+01  1.6281E+02  1.0817E+00  0.0000E+00  0.0000E+00
  0.0000E+00  0.0000E+00
  2.1800E+02  7.3500E+01  1.5949E+03 -3.3378E-03  2.8728E+00  1.0211E-02
  4.1979E+01  7.5867E+00  1.2112E-01 -2.8937E+01  0.0000E+00  1.8723E+02
  0.0000E+00 -2.0000E+01  1.6308E+02  1.0849E+00  0.0000E+00  0.0000E+00
  0.0000E+00  0.0000E+00
  2.1900E+02  7.9098E+01  1.6000E+03 -3.9836E-03  2.6875E+00  1.0989E-02
  4.1525E+01  7.6163E+00  8.6428E-02 -2.5437E+01  0.0000E+00  1.8775E+02
  0.0000E+00 -2.0000E+01  1.6307E+02  1.0823E+00  0.0000E+00  0.0000E+00
  0.0000E+00  0.0000E+00
##          0         112   20190918  160201
##      1    3789                                       


  2.2000E+02  8.4780E+01  1.6051E+03 -4.2097E-03  2.5192E+00  1.1535E-02
  4.1129E+01  7.6466E+00  5.0907E-02 -2.1957E+01  0.0000E+00  1.8826E+02
  0.0000E+00 -2.0000E+01  1.6307E+02  1.0817E+00  0.0000E+00  0.0000E+00
  0.0000E+00  0.0000E+00
  2.2100E+02  9.0542E+01  1.6102E+03 -3.9177E-03  2.3651E+00  1.1947E-02
  4.0791E+01  7.6774E+00  1.4823E-02 -1.8487E+01  0.0000E+00  1.8877E+02
  0.0000E+00 -2.0000E+01  1.6329E+02  1.0849E+00  0.0000E+00  0.0000E+00
  0.0000E+00  0.0000E+00
  2.2200E+02  9.6379E+01  1.6152E+03 -3.3362E-03  2.2178E+00  1.2326E-02
  4.0511E+01  7.7085E+00 -2.1695E-02 -1.5018E+01  0.0000E+00  1.8928E+02
  0.0000E+00 -2.0000E+01  1.6331E+02  1.0823E+00  0.0000E+00  0.0000E+00
  0.0000E+00  0.0000E+00
  2.2300E+02  1.0229E+02  1.6202E+03 -2.7830E-03  2.0686E+00  1.2670E-02
  4.0289E+01  7.7398E+00 -5.8642E-02 -1.1540E+01  0.0000E+00  1.8979E+02
  0.0000E+00 -2.0000E+01  1.6335E+02  1.0817E+00  0.0000E+00  0.0000E+00
  0.0000E+00  0.0000E+00
  2.2400E+02  1.0826E+02  1.6251E+03 -2.4425E-03  1.9106E+00  1.2906E-02
  4.0126E+01  7.7712E+00 -9.6074E-02 -8.0517E+00  0.0000E+00  1.9030E+02
  0.0000E+00 -2.0000E+01  1.6352E+02  1.0849E+00  0.0000E+00  0.0000E+00
  0.0000E+00  0.0000E+00

  2.2500E+02  1.1429E+02  1.6300E+03 -2.2865E-03  1.7403E+00  1.2978E-02
  4.0020E+01  7.8024E+00 -1.3415E-01 -4.5527E+00  0.0000E+00  1.9081E+02
  0.0000E+00 -2.0000E+01  1.6356E+02  1.0823E+00  0.0000E+00  0.0000E+00
  0.0000E+00  0.0000E+00
  2.2600E+02  1.2038E+02  1.6349E+03 -2.1459E-03  1.5567E+00  1.2900E-02
  3.9974E+01  7.8333E+00 -1.7241E-01 -1.0440E+00  0.0000E+00  1.9133E+02
  0.0000E+00 -2.0000E+01  1.6362E+02  1.0817E+00  0.0000E+00  0.0000E+00
  0.0000E+00  0.0000E+00
  2.2700E+02  1.2652E+02  1.6398E+03 -1.8519E-03  1.3584E+00  1.2765E-02
  3.9985E+01  7.8638E+00 -2.1019E-01  2.4662E+00  0.0000E+00  1.9183E+02
  0.0000E+00 -2.0000E+01  1.6374E+02  1.0849E+00  0.0000E+00  0.0000E+00
  0.0000E+00  0.0000E+00
  2.2800E+02  1.3270E+02  1.6447E+03 -1.3523E-03  1.1469E+00  1.2679E-02
  4.0056E+01  7.8938E+00 -2.4758E-01  5.9721E+00  0.0000E+00  1.9234E+02
  0.0000E+00 -2.0000E+01  1.6348E+02  1.0862E+00  0.0000E+00  0.0000E+00
  0.0000E+00  0.0000E+00
  2.2900E+02  1.3892E+02  1.6496E+03 -7.2846E-04  9.2708E-01  1.2706E-02
  4.0185E+01  7.9231E+00 -2.8447E-01  9.4664E+00  0.0000E+00  1.9284E+02
  0.0000E+00 -2.0000E+01  1.6362E+02  1.0897E+00  0.0000E+00  0.0000E+00
  0.0000E+00  0.0000E+00
##          0         112   20190918  160201
##      1    3789                                       


  2.3000E+02  1.4517E+02  1.6545E+03 -1.1189E-04  7.0270E-01  1.2794E-02
  4.0372E+01  7.9515E+00 -3.1980E-01  1.2994E+01  0.0000E+00  1.9337E+02
  0.0000E+00 -2.0000E+01  1.6338E+02  1.0903E+00  0.0000E+00  0.0000E+00
  0.0000E+00  0.0000E+00
  2.3100E+02  1.5145E+02  1.6594E+03  4.0422E-04  4.7490E-01  1.2855E-02
  4.0619E+01  7.9788E+00 -3.5334E-01  1.6557E+01  0.0000E+00  1.9376E+02
  0.0000E+00 -2.0000E+01  1.6356E+02  1.0930E+00  0.0000E+00  0.0000E+00
  0.0000E+00  0.0000E+00
  2.3200E+02  1.5775E+02  1.6644E+03  8.3186E-04  2.4519E-01  1.2738E-02
  4.0925E+01  8.0047E+00 -3.8534E-01  2.0136E+01  0.0000E+00  1.9400E+02
  0.0000E+00 -2.0000E+01  1.6335E+02  1.0931E+00  0.0000E+00  0.0000E+00
  0.0000E+00  0.0000E+00
  2.3300E+02  1.6405E+02  1.6693E+03  1.2531E-03  1.6170E-02  1.2355E-02
  4.1291E+01  8.0288E+00 -4.1602E-01  2.3713E+01  0.0000E+00  1.9425E+02
  0.0000E+00 -2.0000E+01  1.6354E+02  1.0954E+00  0.0000E+00  0.0000E+00
  0.0000E+00  0.0000E+00
  2.3400E+02  1.7036E+02  1.6743E+03  1.7531E-03 -2.0968E-01  1.1714E-02
  4.1717E+01  8.0511E+00 -4.4561E-01  2.7276E+01  0.0000E+00  1.9449E+02
  0.0000E+00 -2.0000E+01  1.6336E+02  1.0951E+00  0.0000E+00  0.0000E+00
  0.0000E+00  0.0000E+00

  2.3500E+02  1.7667E+02  1.6794E+03  2.3562E-03 -4.2996E-01  1.0924E-02
  4.2202E+01  8.0716E+00 -4.7421E-01  3.0814E+01  0.0000E+00  1.9472E+02
  0.0000E+00 -2.0000E+01  1.6355E+02  1.0970E+00  0.0000E+00  0.0000E+00
  0.0000E+00  0.0000E+00
  2.3600E+02  1.8297E+02  1.6845E+03  3.0239E-03 -6.4379E-01  1.0087E-02
  4.2745E+01  8.0902E+00 -5.0193E-01  3.4318E+01  0.0000E+00  1.9495E+02
  0.0000E+00 -2.0000E+01  1.6338E+02  1.0965E+00  0.0000E+00  0.0000E+00
  0.0000E+00  0.0000E+00
  2.3700E+02  1.8924E+02  1.6896E+03  3.6806E-03 -8.5101E-01  9.2826E-03
  4.3347E+01  8.1068E+00 -5.2881E-01  3.7781E+01  0.0000E+00  1.9516E+02
  0.0000E+00 -2.0000E+01  1.6358E+02  1.0982E+00  0.0000E+00  0.0000E+00
  0.0000E+00  0.0000E+00
  2.3800E+02  1.9549E+02  1.6948E+03  4.2693E-03 -1.0526E+00  8.5175E-03
  4.4007E+01  8.1212E+00 -5.5491E-01  4.1195E+01  0.0000E+00  1.9537E+02
  0.0000E+00 -2.0000E+01  1.6341E+02  1.0974E+00  0.0000E+00  0.0000E+00
  0.0000E+00  0.0000E+00
  2.3900E+02  2.0171E+02  1.7001E+03  4.7744E-03 -1.2496E+00  7.7812E-03
  4.4723E+01  8.1335E+00 -5.8015E-01  4.4547E+01  0.0000E+00  1.9556E+02
  0.0000E+00 -2.0000E+01  1.6360E+02  1.0990E+00  0.0000E+00  0.0000E+00
  0.0000E+00  0.0000E+00
##          0         112   20190918  160201
##      1    3789                                       


  2.4000E+02  2.0788E+02  1.7054E+03  5.2180E-03 -1.4447E+00  7.0700E-03
  4.5494E+01  8.1438E+00 -6.0402E-01  4.7792E+01  0.0000E+00  1.9574E+02
  0.0000E+00 -2.0000E+01  1.6343E+02  1.0985E+00  0.0000E+00  0.0000E+00
  0.0000E+00  0.0000E+00
  2.4100E+02  2.1400E+02  1.7108E+03  5.6473E-03 -1.6406E+00  6.3962E-03
  4.6318E+01  8.1517E+00 -6.2645E-01  5.0914E+01  0.0000E+00  1.9590E+02
  0.0000E+00 -2.0000E+01  1.6362E+02  1.0992E+00  0.0000E+00  0.0000E+00
  0.0000E+00  0.0000E+00
  2.4200E+02  2.2006E+02  1.7163E+03  6.0906E-03 -1.8360E+00  5.7900E-03
  4.7194E+01  8.1575E+00 -6.4779E-01  5.3918E+01  0.0000E+00  1.9605E+02
  0.0000E+00 -2.0000E+01  1.6347E+02  1.0986E+00  0.0000E+00  0.0000E+00
  0.0000E+00  0.0000E+00
  2.4300E+02  2.2605E+02  1.7219E+03  6.5254E-03 -2.0275E+00  5.2213E-03
  4.8119E+01  8.1610E+00 -6.6801E-01  5.6799E+01  0.0000E+00  1.9618E+02
  0.0000E+00 -2.0000E+01  1.6364E+02  1.0992E+00  0.0000E+00  0.0000E+00
  0.0000E+00  0.0000E+00
  2.4400E+02  2.3197E+02  1.7276E+03  6.8994E-03 -2.2109E+00  4.6274E-03
  4.9091E+01  8.1626E+00 -6.8736E-01  5.9563E+01  0.0000E+00  1.9630E+02
  0.0000E+00 -2.0000E+01  1.6348E+02  1.0986E+00  0.0000E+00  0.0000E+00
  0.0000E+00  0.0000E+00

  2.4500E+02  2.3780E+02  1.7333E+03  7.1745E-03 -2.3829E+00  3.9165E-03
  5.0109E+01  8.1619E+00 -7.0574E-01  6.2206E+01  0.0000E+00  1.9641E+02
  0.0000E+00 -2.0000E+01  1.6365E+02  1.0993E+00  0.0000E+00  0.0000E+00
  0.0000E+00  0.0000E+00
  2.4600E+02  2.4354E+02  1.7392E+03  7.3614E-03 -2.5416E+00  3.0547E-03
  5.1169E+01  8.1594E+00 -7.2334E-01  6.4735E+01  0.0000E+00  1.9650E+02
  0.0000E+00 -2.0000E+01  1.6346E+02  1.0987E+00  0.0000E+00  0.0000E+00
  0.0000E+00  0.0000E+00
  2.4700E+02  2.4918E+02  1.7451E+03  7.5100E-03 -2.6874E+00  2.0658E-03
  5.2272E+01  8.1549E+00 -7.4004E-01  6.7146E+01  0.0000E+00  1.9658E+02
  0.0000E+00 -2.0000E+01  1.6363E+02  1.0993E+00  0.0000E+00  0.0000E+00
  0.0000E+00  0.0000E+00
  2.4800E+02  2.5471E+02  1.7511E+03  7.6775E-03 -2.8215E+00  1.0576E-03
  5.3413E+01  8.1487E+00 -7.5602E-01  6.9445E+01  0.0000E+00  1.9664E+02
  0.0000E+00 -2.0000E+01  1.6343E+02  1.0987E+00  0.0000E+00  0.0000E+00
  0.0000E+00  0.0000E+00
  2.4900E+02  2.6013E+02  1.7573E+03  7.8873E-03 -2.9464E+00  1.4261E-04
  5.4593E+01  8.1406E+00 -7.7117E-01  7.1630E+01  0.0000E+00  1.9669E+02
  0.0000E+00 -2.0000E+01  1.6360E+02  1.0993E+00  0.0000E+00  0.0000E+00
  0.0000E+00  0.0000E+00
##          0         112   20190918  160201
##      1    3789                                       


  2.5000E+02  2.6543E+02  1.7635E+03  8.1239E-03 -3.0644E+00 -6.0151E-04
  5.5808E+01  8.1307E+00 -7.8556E-01  7.3704E+01  0.0000E+00  1.9672E+02
  0.0000E+00 -2.0000E+01  1.6369E+02  1.0945E+00  0.0000E+00  0.0000E+00
  0.0000E+00  0.0000E+00
  2.5100E+02  2.7059E+02  1.7698E+03  8.3438E-03 -3.1773E+00 -1.1552E-03
  5.7057E+01  8.1190E+00 -7.9926E-01  7.5669E+01  0.0000E+00  1.9675E+02
  0.0000E+00 -2.0000E+01  1.6377E+02  1.0920E+00  0.0000E+00  0.0000E+00
  0.0000E+00  0.0000E+00
  2.5200E+02  2.7563E+02  1.7762E+03  8.5009E-03 -3.2854E+00 -1.5632E-03
  5.8338E+01  8.1055E+00 -8.1231E-01  7.7529E+01  0.0000E+00  1.9675E+02
  0.0000E+00 -2.0000E+01  1.6385E+02  1.0936E+00  0.0000E+00  0.0000E+00
  0.0000E+00  0.0000E+00
  2.5300E+02  2.8052E+02  1.7827E+03  8.5736E-03 -3.3884E+00 -1.9108E-03
  5.9649E+01  8.0904E+00 -8.2477E-01  7.9288E+01  0.0000E+00  1.9675E+02
  0.0000E+00 -2.0000E+01  1.6389E+02  1.0896E+00  0.0000E+00  0.0000E+00
  0.0000E+00  0.0000E+00
  2.5400E+02  2.8526E+02  1.7893E+03  8.5760E-03 -3.4853E+00 -2.2892E-03
  6.0989E+01  8.0739E+00 -8.3667E-01  8.0948E+01  0.0000E+00  1.9674E+02
  0.0000E+00 -2.0000E+01  1.6391E+02  1.0879E+00  0.0000E+00  0.0000E+00
  0.0000E+00  0.0000E+00

  2.5500E+02  2.8984E+02  1.7960E+03  8.5464E-03 -3.5753E+00 -2.7512E-03
  6.2356E+01  8.0559E+00 -8.4801E-01  8.2515E+01  0.0000E+00  1.9672E+02
  0.0000E+00 -2.0000E+01  1.6394E+02  1.0901E+00  0.0000E+00  0.0000E+00
  0.0000E+00  0.0000E+00
  2.5600E+02  2.9427E+02  1.8028E+03  8.5258E-03 -3.6583E+00 -3.2997E-03
  6.3749E+01  8.0366E+00 -8.5855E-01  8.4005E+01  0.0000E+00  1.9668E+02
  0.0000E+00 -2.0000E+01  1.6393E+02  1.0866E+00  0.0000E+00  0.0000E+00
  0.0000E+00  0.0000E+00
  2.5700E+02  2.9853E+02  1.8097E+03  8.5447E-03 -3.7354E+00 -3.8951E-03
  6.5166E+01  8.0162E+00 -8.6830E-01  8.5427E+01  0.0000E+00  1.9664E+02
  0.0000E+00 -2.0000E+01  1.6391E+02  1.0854E+00  0.0000E+00  0.0000E+00
  0.0000E+00  0.0000E+00
  2.5800E+02  3.0261E+02  1.8166E+03  8.6070E-03 -3.8070E+00 -4.4581E-03
  6.6607E+01  7.9946E+00 -8.7736E-01  8.6780E+01  0.0000E+00  1.9662E+02
  0.0000E+00 -2.0000E+01  1.6391E+02  1.0880E+00  0.0000E+00  0.0000E+00
  0.0000E+00  0.0000E+00
  2.5900E+02  3.0652E+02  1.8236E+03  8.6836E-03 -3.8733E+00 -4.9208E-03
  6.8070E+01  7.9721E+00 -8.8583E-01  8.8065E+01  0.0000E+00  1.9662E+02
  0.0000E+00 -2.0000E+01  1.6387E+02  1.0849E+00  0.0000E+00  0.0000E+00
  0.0000E+00  0.0000E+00
##          0         112   20190918  160201
##      1    3789                                       


  2.6000E+02  3.1025E+02  1.8307E+03  8.7287E-03 -3.9343E+00 -5.2716E-03
  6.9554E+01  7.9486E+00 -8.9379E-01  8.9285E+01  0.0000E+00  1.9661E+02
  0.0000E+00 -2.0000E+01  1.6381E+02  1.0839E+00  0.0000E+00  0.0000E+00
  0.0000E+00  0.0000E+00
  2.6100E+02  3.1379E+02  1.8379E+03  8.7098E-03 -3.9901E+00 -5.5462E-03
  7.1058E+01  7.9242E+00 -9.0126E-01  9.0440E+01  0.0000E+00  1.9659E+02
  0.0000E+00 -2.0000E+01  1.6382E+02  1.0868E+00  0.0000E+00  0.0000E+00
  0.0000E+00  0.0000E+00
  2.6200E+02  3.1714E+02  1.8451E+03  8.6279E-03 -4.0406E+00 -5.7954E-03
  7.2580E+01  7.8990E+00 -9.0828E-01  9.1531E+01  0.0000E+00  1.9656E+02
  0.0000E+00 -2.0000E+01  1.6374E+02  1.0838E+00  0.0000E+00  0.0000E+00
  0.0000E+00  0.0000E+00
  2.6300E+02  3.2029E+02  1.8524E+03  8.5145E-03 -4.0862E+00 -6.0577E-03
  7.4121E+01  7.8731E+00 -9.1493E-01  9.2561E+01  0.0000E+00  1.9652E+02
  0.0000E+00 -2.0000E+01  1.6365E+02  1.0831E+00  0.0000E+00  0.0000E+00
  0.0000E+00  0.0000E+00
  2.6400E+02  3.2325E+02  1.8597E+03  8.4089E-03 -4.1272E+00 -6.3374E-03
  7.5678E+01  7.8465E+00 -9.2117E-01  9.3531E+01  0.0000E+00  1.9648E+02
  0.0000E+00 -2.0000E+01  1.6368E+02  1.0860E+00  0.0000E+00  0.0000E+00
  0.0000E+00  0.0000E+00

  2.6500E+02  3.2600E+02  1.8671E+03  8.3349E-03 -4.1639E+00 -6.6082E-03
  7.7252E+01  7.8192E+00 -9.2706E-01  9.4443E+01  0.0000E+00  1.9643E+02
  0.0000E+00 -2.0000E+01  1.6357E+02  1.0832E+00  0.0000E+00  0.0000E+00
  0.0000E+00  0.0000E+00
  2.6600E+02  3.2855E+02  1.8745E+03  8.2906E-03 -4.1969E+00 -6.8398E-03
  7.8840E+01  7.7914E+00 -9.3261E-01  9.5300E+01  0.0000E+00  1.9637E+02
  0.0000E+00 -2.0000E+01  1.6344E+02  1.0825E+00  0.0000E+00  0.0000E+00
  0.0000E+00  0.0000E+00
  2.6700E+02  3.3090E+02  1.8820E+03  8.2534E-03 -4.2265E+00 -7.0139E-03
  8.0442E+01  7.7631E+00 -9.3783E-01  9.6103E+01  0.0000E+00  1.9630E+02
  0.0000E+00 -2.0000E+01  1.6351E+02  1.0856E+00  0.0000E+00  0.0000E+00
  0.0000E+00  0.0000E+00
  2.6800E+02  3.3303E+02  1.8895E+03  8.1979E-03 -4.2529E+00 -7.1300E-03
  8.2057E+01  7.7344E+00 -9.4272E-01  9.6853E+01  0.0000E+00  1.9623E+02
  0.0000E+00 -2.0000E+01  1.6337E+02  1.0828E+00  0.0000E+00  0.0000E+00
  0.0000E+00  0.0000E+00
  2.6900E+02  3.3495E+02  1.8971E+03  8.1108E-03 -4.2764E+00 -7.2099E-03
  8.3684E+01  7.7052E+00 -9.4734E-01  9.7556E+01  0.0000E+00  1.9616E+02
  0.0000E+00 -2.0000E+01  1.6321E+02  1.0822E+00  0.0000E+00  0.0000E+00
  0.0000E+00  0.0000E+00
##          0         112   20190918  160202
##      1    3789                                       


  2.7000E+02  3.3665E+02  1.9046E+03  7.9964E-03 -4.2969E+00 -7.2792E-03
  8.5323E+01  7.6757E+00 -9.5166E-01  9.8210E+01  0.0000E+00  1.9608E+02
  0.0000E+00 -2.0000E+01  1.6332E+02  1.0853E+00  0.0000E+00  0.0000E+00
  0.0000E+00  0.0000E+00
  2.7100E+02  3.3815E+02  1.9122E+03  7.8707E-03 -4.3145E+00 -7.3508E-03
  8.6972E+01  7.6459E+00 -9.5571E-01  9.8819E+01  0.0000E+00  1.9600E+02
  0.0000E+00 -2.0000E+01  1.6316E+02  1.0826E+00  0.0000E+00  0.0000E+00
  0.0000E+00  0.0000E+00
  2.7200E+02  3.3942E+02  1.9198E+03  7.7512E-03 -4.3292E+00 -7.4292E-03
  8.8631E+01  7.6159E+00 -9.5953E-01  9.9386E+01  0.0000E+00  1.9591E+02
  0.0000E+00 -2.0000E+01  1.6296E+02  1.0820E+00  0.0000E+00  0.0000E+00
  0.0000E+00  0.0000E+00
  2.7300E+02  3.4048E+02  1.9274E+03  7.6464E-03 -4.3412E+00 -7.5060E-03
  9.0300E+01  7.5857E+00 -9.6308E-01  9.9911E+01  0.0000E+00  1.9582E+02
  0.0000E+00 -2.0000E+01  1.6312E+02  1.0852E+00  0.0000E+00  0.0000E+00
  0.0000E+00  0.0000E+00
  2.7400E+02  3.4132E+02  1.9349E+03  7.5537E-03 -4.3507E+00 -7.5640E-03
  9.1976E+01  7.5553E+00 -9.6637E-01  1.0040E+02  0.0000E+00  1.9573E+02
  0.0000E+00 -2.0000E+01  1.6293E+02  1.0825E+00  0.0000E+00  0.0000E+00
  0.0000E+00  0.0000E+00

  2.7500E+02  3.4194E+02  1.9425E+03  7.4638E-03 -4.3578E+00 -7.5955E-03
  9.3661E+01  7.5249E+00 -9.6946E-01  1.0085E+02  0.0000E+00  1.9563E+02
  0.0000E+00 -2.0000E+01  1.6270E+02  1.0819E+00  0.0000E+00  0.0000E+00
  0.0000E+00  0.0000E+00
  2.7600E+02  3.4234E+02  1.9501E+03  7.3672E-03 -4.3628E+00 -7.5999E-03
  9.5353E+01  7.4943E+00 -9.7230E-01  1.0126E+02  0.0000E+00  1.9553E+02
  0.0000E+00 -2.0000E+01  1.6288E+02  1.0851E+00  0.0000E+00  0.0000E+00
  0.0000E+00  0.0000E+00
  2.7700E+02  3.4253E+02  1.9576E+03  7.2594E-03 -4.3659E+00 -7.5789E-03
  9.7052E+01  7.4637E+00 -9.7493E-01  1.0164E+02  0.0000E+00  1.9543E+02
  0.0000E+00 -2.0000E+01  1.6270E+02  1.0824E+00  0.0000E+00  0.0000E+00
  0.0000E+00  0.0000E+00
  2.7800E+02  3.4249E+02  1.9651E+03  7.1422E-03 -4.3672E+00 -7.5425E-03
  9.8756E+01  7.4332E+00 -9.7737E-01  1.0199E+02  0.0000E+00  1.9533E+02
  0.0000E+00 -2.0000E+01  1.6245E+02  1.0818E+00  0.0000E+00  0.0000E+00
  0.0000E+00  0.0000E+00
  2.7900E+02  3.4225E+02  1.9726E+03  7.0216E-03 -4.3668E+00 -7.4988E-03
  1.0047E+02  7.4026E+00 -9.7961E-01  1.0230E+02  0.0000E+00  1.9523E+02
  0.0000E+00 -2.0000E+01  1.6262E+02  1.0850E+00  0.0000E+00  0.0000E+00
  0.0000E+00  0.0000E+00
##          0         112   20190918  160202
##      1    3789                                       


  2.8000E+02  3.4178E+02  1.9800E+03  6.9032E-03 -4.3648E+00 -7.4490E-03
  1.0218E+02  7.3721E+00 -9.8165E-01  1.0259E+02  0.0000E+00  1.9513E+02
  0.0000E+00 -2.0000E+01  1.6247E+02  1.0823E+00  0.0000E+00  0.0000E+00
  0.0000E+00  0.0000E+00
  2.8100E+02  3.4110E+02  1.9874E+03  6.7912E-03 -4.3613E+00 -7.3970E-03
  1.0390E+02  7.3418E+00 -9.8353E-01  1.0285E+02  0.0000E+00  1.9502E+02
  0.0000E+00 -2.0000E+01  1.6220E+02  1.0818E+00  0.0000E+00  0.0000E+00
  0.0000E+00  0.0000E+00
  2.8200E+02  3.4021E+02  1.9948E+03  6.6853E-03 -4.3564E+00 -7.3418E-03
  1.0563E+02  7.3115E+00 -9.8523E-01  1.0309E+02  0.0000E+00  1.9491E+02
  0.0000E+00 -2.0000E+01  1.6236E+02  1.0850E+00  0.0000E+00  0.0000E+00
  0.0000E+00  0.0000E+00
  2.8300E+02  3.3911E+02  2.0021E+03  6.5825E-03 -4.3502E+00 -7.2766E-03
  1.0735E+02  7.2813E+00 -9.8675E-01  1.0330E+02  0.0000E+00  1.9481E+02
  0.0000E+00 -2.0000E+01  1.6225E+02  1.0823E+00  0.0000E+00  0.0000E+00
  0.0000E+00  0.0000E+00
  2.8400E+02  3.3780E+02  2.0093E+03  6.4793E-03 -4.3428E+00 -7.2011E-03
  1.0908E+02  7.2513E+00 -9.8814E-01  1.0349E+02  0.0000E+00  1.9470E+02
  0.0000E+00 -2.0000E+01  1.6195E+02  1.0818E+00  0.0000E+00  0.0000E+00
  0.0000E+00  0.0000E+00
