##          0         117   20190918  160149
##      1    3789                                       


  0.0000E+00  0.0000E+00  0.0000E+00  0.0000E+00  0.0000E+00  0.0000E+00
  0.0000E+00  1.1111E+01  0.0000E+00  0.0000E+00  0.0000E+00  2.5000E+02
  0.0000E+00  0.0000E+00  1.6400E+02  1.2000E+00  0.0000E+00  0.0000E+00
  0.0000E+00  0.0000E+00
  1.0000E+00  1.1101E+01  7.5105E-03  1.0192E-02 -5.8532E-02 -3.9033E-03
  3.5999E+02  1.1100E+01  2.0864E-02 -1.0375E+00  0.0000E+00  2.2000E+02
  0.0000E+00  5.5198E+00  1.6400E+02  1.2000E+00  0.0000E+00  0.0000E+00
  0.0000E+00  0.0000E+00
  2.0000E+00  2.2193E+01  4.4954E-02  1.0572E-02 -3.1400E-01 -5.2659E-03
  3.5996E+02  1.1081E+01  6.4448E-02 -3.3150E+00  0.0000E+00  2.0336E+02
  0.0000E+00  1.0120E+01  1.6400E+02  1.2000E+00  0.0000E+00  0.0000E+00
  0.0000E+00  0.0000E+00
  3.0000E+00  3.3257E+01  1.2587E-01  1.1378E-02 -7.5569E-01 -9.7624E-03
  3.5988E+02  1.1043E+01  1.2725E-01 -6.8166E+00  0.0000E+00  1.9549E+02
  0.0000E+00  1.4720E+01  1.6400E+02  1.2000E+00  0.0000E+00  0.0000E+00
  0.0000E+00  0.0000E+00
  4.0000E+00  4.4275E+01  2.5555E-01  1.2544E-02 -1.2663E+00 -1.7693E-02
  3.5973E+02  1.0991E+01  2.0179E-01 -1.1243E+01  0.0000E+00  1.9104E+02
  0.0000E+00  1.9320E+01  1.6400E+02  1.2000E+00  0.0000E+00  0.0000E+00
  0.0000E+00  0.0000E+00

  5.0000E+00  5.5237E+01  4.2708E-01  1.4027E-02 -1.6698E+00 -2.6705E-02
  3.5950E+02  1.0930E+01  2.7800E-01 -1.6209E+01  0.0000E+00  1.8977E+02
  0.0000E+00  2.3920E+01  1.6400E+02  1.2000E+00  0.0000E+00  0.0000E+00
  0.0000E+00  0.0000E+00
  6.0000E+00  6.6136E+01  6.2443E-01  1.6187E-02 -1.8177E+00 -3.3704E-02
  3.5919E+02  1.0860E+01  3.5228E-01 -2.1469E+01  0.0000E+00  1.8957E+02
  0.0000E+00  2.8520E+01  1.6400E+02  1.2000E+00  0.0000E+00  0.0000E+00
  0.0000E+00  0.0000E+00
  7.0000E+00  7.6961E+01  8.2981E-01  1.9287E-02 -1.6566E+00 -3.6428E-02
  3.5878E+02  1.0780E+01  4.2400E-01 -2.6917E+01  0.0000E+00  1.8997E+02
  0.0000E+00  3.3120E+01  1.6400E+02  1.2000E+00  0.0000E+00  0.0000E+00
  0.0000E+00  0.0000E+00
  8.0000E+00  8.7705E+01  1.0233E+00  2.2946E-02 -1.2165E+00 -3.4279E-02
  3.5828E+02  1.0691E+01  4.9078E-01 -3.2592E+01  0.0000E+00  1.9068E+02
  0.0000E+00  3.4914E+01  1.6400E+02  1.2000E+00  0.0000E+00  0.0000E+00
  0.0000E+00  0.0000E+00
  9.0000E+00  9.8363E+01  1.1840E+00  2.6127E-02 -5.7255E-01 -2.8049E-02
  3.5769E+02  1.0601E+01  5.5325E-01 -3.8391E+01  0.0000E+00  1.9154E+02
  0.0000E+00  3.4996E+01  1.6400E+02  1.2000E+00  0.0000E+00  0.0000E+00
  0.0000E+00  0.0000E+00
##          0         117   20190918  160150
##      1    3789                                       


  1.0000E+01  1.0893E+02  1.2921E+00  2.7871E-02  1.7223E-01 -2.0119E-02
  3.5700E+02  1.0508E+01  6.1278E-01 -4.4255E+01  0.0000E+00  1.9251E+02
  0.0000E+00  3.5000E+01  1.6400E+02  1.2000E+00  0.0000E+00  0.0000E+00
  0.0000E+00  0.0000E+00
  1.1000E+01  1.1941E+02  1.3294E+00  2.7972E-02  9.1110E-01 -1.3868E-02
  3.5621E+02  1.0413E+01  6.6989E-01 -5.0143E+01  0.0000E+00  1.9353E+02
  0.0000E+00  3.5000E+01  1.6400E+02  1.2000E+00  0.0000E+00  0.0000E+00
  0.0000E+00  0.0000E+00
  1.2000E+01  1.2980E+02  1.2783E+00  2.7073E-02  1.5639E+00 -1.2026E-02
  3.5533E+02  1.0316E+01  7.2450E-01 -5.6018E+01  0.0000E+00  1.9458E+02
  0.0000E+00  3.5000E+01  1.6397E+02  1.1952E+00  0.0000E+00  0.0000E+00
  0.0000E+00  0.0000E+00
  1.3000E+01  1.4009E+02  1.1205E+00  2.6254E-02  2.0965E+00 -1.5401E-02
  3.5434E+02  1.0217E+01  7.7429E-01 -6.1715E+01  0.0000E+00  1.9559E+02
  0.0000E+00  3.5000E+01  1.6398E+02  1.1906E+00  0.0000E+00  0.0000E+00
  0.0000E+00  0.0000E+00
  1.4000E+01  1.5029E+02  8.3704E-01  2.6420E-02  2.5177E+00 -2.2425E-02
  3.5327E+02  1.0117E+01  8.1896E-01 -6.7144E+01  0.0000E+00  1.9654E+02
  0.0000E+00  3.5000E+01  1.6390E+02  1.1846E+00  0.0000E+00  0.0000E+00
  0.0000E+00  0.0000E+00

  1.5000E+01  1.6038E+02  4.1023E-01  2.7819E-02  2.8546E+00 -3.0143E-02
  3.5210E+02  1.0017E+01  8.5890E-01 -7.2278E+01  0.0000E+00  1.9741E+02
  0.0000E+00  3.5000E+01  1.6394E+02  1.1845E+00  0.0000E+00  0.0000E+00
  0.0000E+00  0.0000E+00
  1.6000E+01  1.7037E+02 -1.7537E-01  2.9908E-02  3.1391E+00 -3.5730E-02
  3.5085E+02  9.9168E+00  8.9482E-01 -7.7112E+01  0.0000E+00  1.9820E+02
  0.0000E+00  3.5000E+01  1.6392E+02  1.1776E+00  0.0000E+00  0.0000E+00
  0.0000E+00  0.0000E+00
  1.7000E+01  1.8025E+02 -9.3307E-01  3.1694E-02  3.3989E+00 -3.7717E-02
  3.4952E+02  9.8153E+00  9.2745E-01 -8.1640E+01  0.0000E+00  1.9891E+02
  0.0000E+00  3.5000E+01  1.6391E+02  1.1716E+00  0.0000E+00  0.0000E+00
  0.0000E+00  0.0000E+00
  1.8000E+01  1.9001E+02 -1.8740E+00  3.2322E-02  3.6513E+00 -3.6336E-02
  3.4812E+02  9.7124E+00  9.5750E-01 -8.5865E+01  0.0000E+00  1.9956E+02
  0.0000E+00  3.5000E+01  1.6382E+02  1.1669E+00  0.0000E+00  0.0000E+00
  0.0000E+00  0.0000E+00
  1.9000E+01  1.9966E+02 -3.0070E+00  3.1537E-02  3.9013E+00 -3.3087E-02
  3.4665E+02  9.6079E+00  9.8549E-01 -8.9791E+01  0.0000E+00  2.0015E+02
  0.0000E+00  3.5000E+01  1.6383E+02  1.1621E+00  0.0000E+00  0.0000E+00
  0.0000E+00  0.0000E+00
##          0         117   20190918  160150
##      1    3789                                       


  2.0000E+01  2.0917E+02 -4.3391E+00  2.9767E-02  4.1440E+00 -2.9829E-02
  3.4512E+02  9.5020E+00  1.0118E+00 -9.3439E+01  0.0000E+00  2.0068E+02
  0.0000E+00  3.5000E+01  1.6377E+02  1.1581E+00  0.0000E+00  0.0000E+00
  0.0000E+00  0.0000E+00
  2.1000E+01  2.1855E+02 -5.8763E+00  2.7819E-02  4.3716E+00 -2.7999E-02
  3.4353E+02  9.3948E+00  1.0357E+00 -9.6874E+01  0.0000E+00  2.0099E+02
  0.0000E+00  3.5000E+01  1.6385E+02  1.1541E+00  0.0000E+00  0.0000E+00
  0.0000E+00  0.0000E+00
  2.2000E+01  2.2778E+02 -7.6236E+00  2.6457E-02  4.5776E+00 -2.8126E-02
  3.4188E+02  9.2867E+00  1.0574E+00 -1.0010E+02  0.0000E+00  2.0081E+02
  0.0000E+00  3.5000E+01  1.6380E+02  1.1457E+00  0.0000E+00  0.0000E+00
  0.0000E+00  0.0000E+00
  2.3000E+01  2.3687E+02 -9.5844E+00  2.6020E-02  4.7571E+00 -2.9791E-02
  3.4017E+02  9.1777E+00  1.0772E+00 -1.0311E+02  0.0000E+00  2.0063E+02
  0.0000E+00  3.5000E+01  1.6378E+02  1.1411E+00  0.0000E+00  0.0000E+00
  0.0000E+00  0.0000E+00
  2.4000E+01  2.4580E+02 -1.1761E+01  2.6315E-02  4.9077E+00 -3.2071E-02
  3.3842E+02  9.0682E+00  1.0954E+00 -1.0592E+02  0.0000E+00  2.0043E+02
  0.0000E+00  3.5000E+01  1.6374E+02  1.1388E+00  0.0000E+00  0.0000E+00
  0.0000E+00  0.0000E+00

  2.5000E+01  2.5456E+02 -1.4154E+01  2.6805E-02  5.0298E+00 -3.4089E-02
  3.3663E+02  8.9583E+00  1.1121E+00 -1.0853E+02  0.0000E+00  2.0021E+02
  0.0000E+00  3.5000E+01  1.6369E+02  1.1381E+00  0.0000E+00  0.0000E+00
  0.0000E+00  0.0000E+00
  2.6000E+01  2.6314E+02 -1.6764E+01  2.6958E-02  5.1267E+00 -3.5366E-02
  3.3479E+02  8.8479E+00  1.1274E+00 -1.1093E+02  0.0000E+00  1.9996E+02
  0.0000E+00  3.5000E+01  1.6360E+02  1.1290E+00  0.0000E+00  0.0000E+00
  0.0000E+00  0.0000E+00
  2.7000E+01  2.7154E+02 -1.9588E+01  2.6528E-02  5.2038E+00 -3.5871E-02
  3.3291E+02  8.7370E+00  1.1415E+00 -1.1313E+02  0.0000E+00  1.9969E+02
  0.0000E+00  3.5000E+01  1.6370E+02  1.1276E+00  0.0000E+00  0.0000E+00
  0.0000E+00  0.0000E+00
  2.8000E+01  2.7976E+02 -2.2624E+01  2.5619E-02  5.2642E+00 -3.5821E-02
  3.3099E+02  8.6258E+00  1.1546E+00 -1.1515E+02  0.0000E+00  1.9939E+02
  0.0000E+00  3.5000E+01  1.6354E+02  1.1199E+00  0.0000E+00  0.0000E+00
  0.0000E+00  0.0000E+00
  2.9000E+01  2.8778E+02 -2.5869E+01  2.4526E-02  5.3110E+00 -3.5523E-02
  3.2905E+02  8.5143E+00  1.1668E+00 -1.1698E+02  0.0000E+00  1.9908E+02
  0.0000E+00  3.5000E+01  1.6354E+02  1.1136E+00  0.0000E+00  0.0000E+00
  0.0000E+00  0.0000E+00
##          0         117   20190918  160150
##      1    3789                                       


  3.0000E+01  2.9559E+02 -2.9316E+01  1.7490E-02  5.3466E+00 -3.3488E-02
  3.2707E+02  8.4027E+00  1.1782E+00 -1.1864E+02  0.0000E+00  1.9874E+02
  0.0000E+00  3.5000E+01  1.6363E+02  1.1116E+00  0.0000E+00  0.0000E+00
  0.0000E+00  0.0000E+00
  3.1000E+01  3.0319E+02 -3.2961E+01  2.2813E-02  5.3717E+00 -3.4918E-02
  3.2507E+02  8.2912E+00  1.1887E+00 -1.2012E+02  0.0000E+00  1.9839E+02
  0.0000E+00  3.5000E+01  1.6355E+02  1.1049E+00  0.0000E+00  0.0000E+00
  0.0000E+00  0.0000E+00
  3.2000E+01  3.1058E+02 -3.6797E+01  2.2303E-02  5.3870E+00 -3.4681E-02
  3.2305E+02  8.1800E+00  1.1985E+00 -1.2145E+02  0.0000E+00  1.9803E+02
  0.0000E+00  3.5000E+01  1.6338E+02  1.1008E+00  0.0000E+00  0.0000E+00
  0.0000E+00  0.0000E+00
  3.3000E+01  3.1774E+02 -4.0818E+01  2.1870E-02  5.3926E+00 -3.4460E-02
  3.2100E+02  8.0691E+00  1.2076E+00 -1.2263E+02  0.0000E+00  1.9765E+02
  0.0000E+00  3.5000E+01  1.6344E+02  1.1009E+00  0.0000E+00  0.0000E+00
  0.0000E+00  0.0000E+00
  3.4000E+01  3.2467E+02 -4.5015E+01  2.1380E-02  5.3884E+00 -3.4242E-02
  3.1893E+02  7.9588E+00  1.2161E+00 -1.2367E+02  0.0000E+00  1.9727E+02
  0.0000E+00  3.5000E+01  1.6322E+02  1.0958E+00  0.0000E+00  0.0000E+00
  0.0000E+00  0.0000E+00

  3.5000E+01  3.3137E+02 -4.9381E+01  2.0776E-02  5.3747E+00 -3.4035E-02
  3.1685E+02  7.8492E+00  1.2240E+00 -1.2457E+02  0.0000E+00  1.9687E+02
  0.0000E+00  3.5000E+01  1.6292E+02  1.0932E+00  0.0000E+00  0.0000E+00
  0.0000E+00  0.0000E+00
  3.6000E+01  3.3784E+02 -5.3906E+01  2.0090E-02  5.3519E+00 -3.3840E-02
  3.1476E+02  7.7405E+00  1.2313E+00 -1.2534E+02  0.0000E+00  1.9647E+02
  0.0000E+00  3.5000E+01  1.6297E+02  1.0945E+00  0.0000E+00  0.0000E+00
  0.0000E+00  0.0000E+00
  3.7000E+01  3.4406E+02 -5.8582E+01  1.9400E-02  5.3206E+00 -3.3632E-02
  3.1265E+02  7.6326E+00  1.2380E+00 -1.2600E+02  0.0000E+00  1.9606E+02
  0.0000E+00  3.5000E+01  1.6271E+02  1.0904E+00  0.0000E+00  0.0000E+00
  0.0000E+00  0.0000E+00
  3.8000E+01  3.5005E+02 -6.3401E+01  1.8767E-02  5.2823E+00 -3.3370E-02
  3.1053E+02  7.5258E+00  1.2441E+00 -1.2654E+02  0.0000E+00  1.9564E+02
  0.0000E+00  3.5000E+01  1.6273E+02  1.0846E+00  0.0000E+00  0.0000E+00
  0.0000E+00  0.0000E+00
  3.9000E+01  3.5578E+02 -6.8351E+01  1.8218E-02  5.2391E+00 -3.3014E-02
  3.0841E+02  7.4200E+00  1.2497E+00 -1.2698E+02  0.0000E+00  1.9523E+02
  0.0000E+00  3.5000E+01  1.6238E+02  1.0827E+00  0.0000E+00  0.0000E+00
  0.0000E+00  0.0000E+00
##          0         117   20190918  160150
##      1    3789                                       


  4.0000E+01  3.6127E+02 -7.3425E+01  1.7739E-02  5.1922E+00 -3.2527E-02
  3.0627E+02  7.3153E+00  1.2546E+00 -1.2732E+02  0.0000E+00  1.9480E+02
  0.0000E+00  3.5000E+01  1.6241E+02  1.0775E+00  0.0000E+00  0.0000E+00
  0.0000E+00  0.0000E+00
  4.1000E+01  3.6651E+02 -7.8612E+01  1.7284E-02  5.1427E+00 -3.1929E-02
  3.0414E+02  7.2118E+00  1.2589E+00 -1.2758E+02  0.0000E+00  1.9438E+02
  0.0000E+00  3.5000E+01  1.6243E+02  1.0727E+00  0.0000E+00  0.0000E+00
  0.0000E+00  0.0000E+00
  4.2000E+01  3.7149E+02 -8.3903E+01  1.6812E-02  5.0910E+00 -3.1277E-02
  3.0200E+02  7.1094E+00  1.2624E+00 -1.2777E+02  0.0000E+00  1.9395E+02
  0.0000E+00  3.5000E+01  1.6241E+02  1.0686E+00  0.0000E+00  0.0000E+00
  0.0000E+00  0.0000E+00
  4.3000E+01  3.7623E+02 -8.9288E+01  1.6312E-02  5.0391E+00 -3.0652E-02
  2.9986E+02  7.0084E+00  1.2646E+00 -1.2791E+02  0.0000E+00  1.9353E+02
  0.0000E+00  3.5000E+01  1.6236E+02  1.0650E+00  0.0000E+00  0.0000E+00
  0.0000E+00  0.0000E+00
  4.4000E+01  3.8072E+02 -9.4758E+01  1.5825E-02  4.9880E+00 -3.0067E-02
  2.9771E+02  6.9087E+00  1.2657E+00 -1.2800E+02  0.0000E+00  1.9310E+02
  0.0000E+00  3.5000E+01  1.6275E+02  1.0577E+00  0.0000E+00  0.0000E+00
  0.0000E+00  0.0000E+00

  4.5000E+01  3.8495E+02 -1.0030E+02  1.5393E-02  4.9368E+00 -2.9494E-02
  2.9557E+02  6.8105E+00  1.2661E+00 -1.2806E+02  0.0000E+00  1.9268E+02
  0.0000E+00  3.5000E+01  1.6268E+02  1.0553E+00  0.0000E+00  0.0000E+00
  0.0000E+00  0.0000E+00
  4.6000E+01  3.8893E+02 -1.0591E+02  1.5005E-02  4.8827E+00 -2.8928E-02
  2.9342E+02  6.7137E+00  1.2667E+00 -1.2805E+02  0.0000E+00  1.9225E+02
  0.0000E+00  3.5000E+01  1.6262E+02  1.0529E+00  0.0000E+00  0.0000E+00
  0.0000E+00  0.0000E+00
  4.7000E+01  3.9266E+02 -1.1158E+02  1.4573E-02  4.8155E+00 -2.8344E-02
  2.9128E+02  6.6186E+00  1.2698E+00 -1.2792E+02  0.0000E+00  1.9184E+02
  0.0000E+00  3.5000E+01  1.6281E+02  1.0494E+00  0.0000E+00  0.0000E+00
  0.0000E+00  0.0000E+00
  4.8000E+01  3.9615E+02 -1.1729E+02  1.3939E-02  4.7294E+00 -2.7953E-02
  2.8913E+02  6.5251E+00  1.2744E+00 -1.2769E+02  0.0000E+00  1.9151E+02
  0.0000E+00  3.5000E+01  1.6260E+02  1.0408E+00  0.0000E+00  0.0000E+00
  0.0000E+00  0.0000E+00
  4.9000E+01  3.9940E+02 -1.2304E+02  1.3101E-02  4.6289E+00 -2.7965E-02
  2.8700E+02  6.4333E+00  1.2800E+00 -1.2736E+02  0.0000E+00  1.9122E+02
  0.0000E+00  3.5000E+01  1.6240E+02  1.0404E+00  0.0000E+00  0.0000E+00
  0.0000E+00  0.0000E+00
##          0         117   20190918  160150
##      1    3789                                       


  5.0000E+01  4.0241E+02 -1.2882E+02  1.2308E-02  4.5235E+00 -2.8243E-02
  2.8487E+02  6.3429E+00  1.2856E+00 -1.2697E+02  0.0000E+00  1.9093E+02
  0.0000E+00  3.5000E+01  1.6278E+02  1.0347E+00  0.0000E+00  0.0000E+00
  0.0000E+00  0.0000E+00
  5.1000E+01  4.0519E+02 -1.3462E+02  1.1871E-02  4.4235E+00 -2.8315E-02
  2.8275E+02  6.2542E+00  1.2913E+00 -1.2652E+02  0.0000E+00  1.9065E+02
  0.0000E+00  3.5000E+01  1.6255E+02  1.0354E+00  0.0000E+00  0.0000E+00
  0.0000E+00  0.0000E+00
  5.2000E+01  4.0774E+02 -1.4043E+02  1.1890E-02  4.3366E+00 -2.7682E-02
  2.8063E+02  6.1667E+00  1.2966E+00 -1.2601E+02  0.0000E+00  1.9037E+02
  0.0000E+00  3.5000E+01  1.6273E+02  1.0251E+00  0.0000E+00  0.0000E+00
  0.0000E+00  0.0000E+00
  5.3000E+01  4.1007E+02 -1.4624E+02  1.2175E-02  4.2669E+00 -2.6140E-02
  2.7853E+02  6.0802E+00  1.3015E+00 -1.2546E+02  0.0000E+00  1.9009E+02
  0.0000E+00  3.5000E+01  1.6306E+02  1.0205E+00  0.0000E+00  0.0000E+00
  0.0000E+00  0.0000E+00
  5.4000E+01  4.1217E+02 -1.5205E+02  1.2361E-02  4.2121E+00 -2.3912E-02
  2.7643E+02  5.9950E+00  1.3060E+00 -1.2487E+02  0.0000E+00  1.8983E+02
  0.0000E+00  3.5000E+01  1.6282E+02  1.0225E+00  0.0000E+00  0.0000E+00
  0.0000E+00  0.0000E+00

  5.5000E+01  4.1406E+02 -1.5784E+02  1.2116E-02  4.1645E+00 -2.1602E-02
  2.7435E+02  5.9112E+00  1.3103E+00 -1.2427E+02  0.0000E+00  1.8958E+02
  0.0000E+00  3.5000E+01  1.6277E+02  1.0146E+00  0.0000E+00  0.0000E+00
  0.0000E+00  0.0000E+00
  5.6000E+01  4.1573E+02 -1.6362E+02  1.1362E-02  4.1165E+00 -1.9940E-02
  2.7227E+02  5.8289E+00  1.3145E+00 -1.2367E+02  0.0000E+00  1.8934E+02
  0.0000E+00  3.5000E+01  1.6304E+02  1.0115E+00  0.0000E+00  0.0000E+00
  0.0000E+00  0.0000E+00
  5.7000E+01  4.1720E+02 -1.6938E+02  1.0328E-02  4.0622E+00 -1.9366E-02
  2.7021E+02  5.7484E+00  1.3184E+00 -1.2307E+02  0.0000E+00  1.8911E+02
  0.0000E+00  3.5000E+01  1.6314E+02  1.0034E+00  0.0000E+00  0.0000E+00
  0.0000E+00  0.0000E+00
  5.8000E+01  4.1846E+02 -1.7510E+02  9.4063E-03  3.9992E+00 -1.9817E-02
  2.6815E+02  5.6699E+00  1.3220E+00 -1.2249E+02  0.0000E+00  1.8889E+02
  0.0000E+00  3.5000E+01  1.6332E+02  1.0015E+00  0.0000E+00  0.0000E+00
  0.0000E+00  0.0000E+00
  5.9000E+01  4.1952E+02 -1.8079E+02  8.9157E-03  3.9288E+00 -2.0777E-02
  2.6611E+02  5.5933E+00  1.3253E+00 -1.2192E+02  0.0000E+00  1.8868E+02
  0.0000E+00  3.5000E+01  1.6336E+02  9.9461E-01  0.0000E+00  0.0000E+00
  0.0000E+00  0.0000E+00
##          0         117   20190918  160150
##      1    3789                                       


  6.0000E+01  4.2039E+02 -1.8643E+02  8.9288E-03  3.8553E+00 -2.1552E-02
  2.6407E+02  5.5187E+00  1.3281E+00 -1.2137E+02  0.0000E+00  1.8847E+02
  0.0000E+00  3.5000E+01  1.6347E+02  9.9382E-01  0.0000E+00  0.0000E+00
  0.0000E+00  0.0000E+00
  6.1000E+01  4.2107E+02 -1.9203E+02  9.2545E-03  3.7838E+00 -2.1607E-02
  2.6204E+02  5.4459E+00  1.3303E+00 -1.2083E+02  0.0000E+00  1.8828E+02
  0.0000E+00  3.5000E+01  1.6346E+02  9.8780E-01  0.0000E+00  0.0000E+00
  0.0000E+00  0.0000E+00
  6.2000E+01  4.2157E+02 -1.9758E+02  9.5684E-03  3.7185E+00 -2.0800E-02
  2.6003E+02  5.3746E+00  1.3319E+00 -1.2032E+02  0.0000E+00  1.8810E+02
  0.0000E+00  3.5000E+01  1.6352E+02  9.8787E-01  0.0000E+00  0.0000E+00
  0.0000E+00  0.0000E+00
  6.3000E+01  4.2188E+02 -2.0308E+02  9.6001E-03  3.6621E+00 -1.9362E-02
  2.5802E+02  5.3048E+00  1.3328E+00 -1.1984E+02  0.0000E+00  1.8792E+02
  0.0000E+00  3.5000E+01  1.6346E+02  9.8253E-01  0.0000E+00  0.0000E+00
  0.0000E+00  0.0000E+00
  6.4000E+01  4.2202E+02 -2.0851E+02  9.2626E-03  3.6123E+00 -1.7707E-02
  2.5602E+02  5.2364E+00  1.3341E+00 -1.1936E+02  0.0000E+00  1.8775E+02
  0.0000E+00  3.5000E+01  1.6349E+02  9.8326E-01  0.0000E+00  0.0000E+00
  0.0000E+00  0.0000E+00

  6.5000E+01  4.2198E+02 -2.1388E+02  8.6250E-03  3.5639E+00 -1.6315E-02
  2.5403E+02  5.1695E+00  1.3357E+00 -1.1888E+02  0.0000E+00  1.8759E+02
  0.0000E+00  3.5000E+01  1.6338E+02  9.7845E-01  0.0000E+00  0.0000E+00
  0.0000E+00  0.0000E+00
  6.6000E+01  4.2178E+02 -2.1919E+02  7.8741E-03  3.5135E+00 -1.5530E-02
  2.5204E+02  5.1040E+00  1.3374E+00 -1.1840E+02  0.0000E+00  1.8744E+02
  0.0000E+00  3.5000E+01  1.6340E+02  9.7970E-01  0.0000E+00  0.0000E+00
  0.0000E+00  0.0000E+00
  6.7000E+01  4.2142E+02 -2.2442E+02  7.2377E-03  3.4595E+00 -1.5383E-02
  2.5006E+02  5.0402E+00  1.3391E+00 -1.1793E+02  0.0000E+00  1.8730E+02
  0.0000E+00  3.5000E+01  1.6325E+02  9.7529E-01  0.0000E+00  0.0000E+00
  0.0000E+00  0.0000E+00
  6.8000E+01  4.2091E+02 -2.2958E+02  6.8799E-03  3.4027E+00 -1.5619E-02
  2.4810E+02  4.9781E+00  1.3408E+00 -1.1746E+02  0.0000E+00  1.8717E+02
  0.0000E+00  3.5000E+01  1.6326E+02  9.7694E-01  0.0000E+00  0.0000E+00
  0.0000E+00  0.0000E+00
  6.9000E+01  4.2024E+02 -2.3466E+02  6.8251E-03  3.3454E+00 -1.5835E-02
  2.4614E+02  4.9175E+00  1.3423E+00 -1.1700E+02  0.0000E+00  1.8704E+02
  0.0000E+00  3.5000E+01  1.6308E+02  9.7285E-01  0.0000E+00  0.0000E+00
  0.0000E+00  0.0000E+00
##          0         117   20190918  160150
##      1    3789                                       


  7.0000E+01  4.1942E+02 -2.3967E+02  6.9560E-03  3.2904E+00 -1.5691E-02
  2.4418E+02  4.8584E+00  1.3435E+00 -1.1654E+02  0.0000E+00  1.8692E+02
  0.0000E+00  3.5000E+01  1.6310E+02  9.7480E-01  0.0000E+00  0.0000E+00
  0.0000E+00  0.0000E+00
  7.1000E+01  4.1846E+02 -2.4459E+02  7.0836E-03  3.2402E+00 -1.5044E-02
  2.4224E+02  4.8007E+00  1.3445E+00 -1.1609E+02  0.0000E+00  1.8680E+02
  0.0000E+00  3.5000E+01  1.6288E+02  9.7096E-01  0.0000E+00  0.0000E+00
  0.0000E+00  0.0000E+00
  7.2000E+01  4.1737E+02 -2.4942E+02  7.0461E-03  3.1955E+00 -1.4001E-02
  2.4030E+02  4.7443E+00  1.3453E+00 -1.1565E+02  0.0000E+00  1.8669E+02
  0.0000E+00  3.5000E+01  1.6291E+02  9.7315E-01  0.0000E+00  0.0000E+00
  0.0000E+00  0.0000E+00
  7.3000E+01  4.1614E+02 -2.5417E+02  6.7795E-03  3.1555E+00 -1.2826E-02
  2.3837E+02  4.6892E+00  1.3459E+00 -1.1522E+02  0.0000E+00  1.8658E+02
  0.0000E+00  3.5000E+01  1.6266E+02  9.6950E-01  0.0000E+00  0.0000E+00
  0.0000E+00  0.0000E+00
  7.4000E+01  4.1478E+02 -2.5883E+02  6.3355E-03  3.1185E+00 -1.1813E-02
  2.3645E+02  4.6354E+00  1.3464E+00 -1.1480E+02  0.0000E+00  1.8648E+02
  0.0000E+00  3.5000E+01  1.6271E+02  9.7187E-01  0.0000E+00  0.0000E+00
  0.0000E+00  0.0000E+00

  7.5000E+01  4.1329E+02 -2.6340E+02  5.8401E-03  3.0820E+00 -1.1145E-02
  2.3453E+02  4.5829E+00  1.3467E+00 -1.1439E+02  0.0000E+00  1.8639E+02
  0.0000E+00  3.5000E+01  1.6243E+02  9.6837E-01  0.0000E+00  0.0000E+00
  0.0000E+00  0.0000E+00
  7.6000E+01  4.1169E+02 -2.6787E+02  5.4251E-03  3.0447E+00 -1.0839E-02
  2.3262E+02  4.5318E+00  1.3469E+00 -1.1399E+02  0.0000E+00  1.8630E+02
  0.0000E+00  3.5000E+01  1.6251E+02  9.7088E-01  0.0000E+00  0.0000E+00
  0.0000E+00  0.0000E+00
  7.7000E+01  4.0997E+02 -2.7225E+02  5.1655E-03  3.0057E+00 -1.0764E-02
  2.3072E+02  4.4821E+00  1.3470E+00 -1.1360E+02  0.0000E+00  1.8622E+02
  0.0000E+00  3.5000E+01  1.6220E+02  9.6749E-01  0.0000E+00  0.0000E+00
  0.0000E+00  0.0000E+00
  7.8000E+01  4.0813E+02 -2.7653E+02  5.0555E-03  2.9657E+00 -1.0727E-02
  2.2882E+02  4.4338E+00  1.3469E+00 -1.1322E+02  0.0000E+00  1.8614E+02
  0.0000E+00  3.5000E+01  1.6230E+02  9.7012E-01  0.0000E+00  0.0000E+00
  0.0000E+00  0.0000E+00
  7.9000E+01  4.0619E+02 -2.8071E+02  5.0260E-03  2.9257E+00 -1.0553E-02
  2.2693E+02  4.3867E+00  1.3466E+00 -1.1286E+02  0.0000E+00  1.8606E+02
  0.0000E+00  3.5000E+01  1.6197E+02  9.6682E-01  0.0000E+00  0.0000E+00
  0.0000E+00  0.0000E+00
##          0         117   20190918  160150
##      1    3789                                       


  8.0000E+01  4.0414E+02 -2.8479E+02  4.9895E-03  2.8871E+00 -1.0168E-02
  2.2505E+02  4.3409E+00  1.3462E+00 -1.1250E+02  0.0000E+00  1.8599E+02
  0.0000E+00  3.5000E+01  1.6209E+02  9.6953E-01  0.0000E+00  0.0000E+00
  0.0000E+00  0.0000E+00
  8.1000E+01  4.0199E+02 -2.8877E+02  4.8819E-03  2.8508E+00 -9.5904E-03
  2.2317E+02  4.2963E+00  1.3456E+00 -1.1216E+02  0.0000E+00  1.8592E+02
  0.0000E+00  3.5000E+01  1.6174E+02  9.6629E-01  0.0000E+00  0.0000E+00
  0.0000E+00  0.0000E+00
  8.2000E+01  3.9974E+02 -2.9265E+02  4.6860E-03  2.8171E+00 -8.9195E-03
  2.2130E+02  4.2527E+00  1.3449E+00 -1.1182E+02  0.0000E+00  1.8586E+02
  0.0000E+00  3.5000E+01  1.6188E+02  9.6907E-01  0.0000E+00  0.0000E+00
  0.0000E+00  0.0000E+00
  8.3000E+01  3.9740E+02 -2.9643E+02  4.4279E-03  2.7856E+00 -8.2663E-03
  2.1944E+02  4.2103E+00  1.3441E+00 -1.1150E+02  0.0000E+00  1.8580E+02
  0.0000E+00  3.5000E+01  1.6151E+02  9.6589E-01  0.0000E+00  0.0000E+00
  0.0000E+00  0.0000E+00
  8.4000E+01  3.9497E+02 -3.0009E+02  4.1562E-03  2.7558E+00 -7.7188E-03
  2.1757E+02  4.1690E+00  1.3432E+00 -1.1119E+02  0.0000E+00  1.8574E+02
  0.0000E+00  3.5000E+01  1.6168E+02  9.6871E-01  0.0000E+00  0.0000E+00
  0.0000E+00  0.0000E+00

  8.5000E+01  3.9246E+02 -3.0366E+02  3.9126E-03  2.7267E+00 -7.2982E-03
  2.1572E+02  4.1288E+00  1.3423E+00 -1.1088E+02  0.0000E+00  1.8569E+02
  0.0000E+00  3.5000E+01  1.6129E+02  9.6557E-01  0.0000E+00  0.0000E+00
  0.0000E+00  0.0000E+00
  8.6000E+01  3.8986E+02 -3.0711E+02  3.7162E-03  2.6975E+00 -6.9760E-03
  2.1387E+02  4.0897E+00  1.3416E+00 -1.1056E+02  0.0000E+00  1.8564E+02
  0.0000E+00  3.5000E+01  1.6147E+02  9.6844E-01  0.0000E+00  0.0000E+00
  0.0000E+00  0.0000E+00
  8.7000E+01  3.8719E+02 -3.1046E+02  3.5516E-03  2.6668E+00 -6.7029E-03
  2.1202E+02  4.0516E+00  1.3411E+00 -1.1023E+02  0.0000E+00  1.8560E+02
  0.0000E+00  3.5000E+01  1.6108E+02  9.6533E-01  0.0000E+00  0.0000E+00
  0.0000E+00  0.0000E+00
  8.8000E+01  3.8444E+02 -3.1370E+02  3.3886E-03  2.6345E+00 -6.4534E-03
  2.1018E+02  4.0147E+00  1.3409E+00 -1.0990E+02  0.0000E+00  1.8555E+02
  0.0000E+00  3.5000E+01  1.6126E+02  9.6823E-01  0.0000E+00  0.0000E+00
  0.0000E+00  0.0000E+00
  8.9000E+01  3.8162E+02 -3.1684E+02  3.2143E-03  2.6016E+00 -6.1979E-03
  2.0835E+02  3.9787E+00  1.3407E+00 -1.0955E+02  0.0000E+00  1.8551E+02
  0.0000E+00  3.5000E+01  1.6087E+02  9.6514E-01  0.0000E+00  0.0000E+00
  0.0000E+00  0.0000E+00
##          0         117   20190918  160150
##      1    3789                                       


  9.0000E+01  3.7873E+02 -3.1986E+02  3.0423E-03  2.5693E+00 -5.9060E-03
  2.0652E+02  3.9437E+00  1.3406E+00 -1.0920E+02  0.0000E+00  1.8547E+02
  0.0000E+00  3.5000E+01  1.6106E+02  9.6806E-01  0.0000E+00  0.0000E+00
  0.0000E+00  0.0000E+00
  9.1000E+01  3.7578E+02 -3.2278E+02  2.8938E-03  2.5388E+00 -5.5406E-03
  2.0470E+02  3.9097E+00  1.3405E+00 -1.0884E+02  0.0000E+00  1.8542E+02
  0.0000E+00  3.5000E+01  1.6068E+02  9.6500E-01  0.0000E+00  0.0000E+00
  0.0000E+00  0.0000E+00
  9.2000E+01  3.7277E+02 -3.2559E+02  2.7759E-03  2.5109E+00 -5.0894E-03
  2.0288E+02  3.8765E+00  1.3405E+00 -1.0847E+02  0.0000E+00  1.8539E+02
  0.0000E+00  3.5000E+01  1.6087E+02  9.6793E-01  0.0000E+00  0.0000E+00
  0.0000E+00  0.0000E+00
  9.3000E+01  3.6970E+02 -3.2829E+02  2.6720E-03  2.4856E+00 -4.5683E-03
  2.0107E+02  3.8443E+00  1.3404E+00 -1.0810E+02  0.0000E+00  1.8535E+02
  0.0000E+00  3.5000E+01  1.6049E+02  9.6489E-01  0.0000E+00  0.0000E+00
  0.0000E+00  0.0000E+00
  9.4000E+01  3.6658E+02 -3.3088E+02  2.5524E-03  2.4624E+00 -4.0341E-03
  1.9927E+02  3.8129E+00  1.3404E+00 -1.0773E+02  0.0000E+00  1.8531E+02
  0.0000E+00  3.5000E+01  1.6069E+02  9.6784E-01  0.0000E+00  0.0000E+00
  0.0000E+00  0.0000E+00

  9.5000E+01  3.6340E+02 -3.3336E+02  2.3947E-03  2.4404E+00 -3.5515E-03
  1.9747E+02  3.7823E+00  1.3403E+00 -1.0736E+02  0.0000E+00  1.8528E+02
  0.0000E+00  3.5000E+01  1.6031E+02  9.6480E-01  0.0000E+00  0.0000E+00
  0.0000E+00  0.0000E+00
  9.6000E+01  3.6018E+02 -3.3573E+02  2.2004E-03  2.4186E+00 -3.1777E-03
  1.9568E+02  3.7527E+00  1.3402E+00 -1.0698E+02  0.0000E+00  1.8524E+02
  0.0000E+00  3.5000E+01  1.6051E+02  9.6776E-01  0.0000E+00  0.0000E+00
  0.0000E+00  0.0000E+00
  9.7000E+01  3.5692E+02 -3.3799E+02  1.9935E-03  2.3963E+00 -2.9241E-03
  1.9390E+02  3.7238E+00  1.3401E+00 -1.0660E+02  0.0000E+00  1.8521E+02
  0.0000E+00  3.5000E+01  1.6014E+02  9.6473E-01  0.0000E+00  0.0000E+00
  0.0000E+00  0.0000E+00
  9.8000E+01  3.5361E+02 -3.4014E+02  1.8077E-03  2.3732E+00 -2.7641E-03
  1.9212E+02  3.6959E+00  1.3399E+00 -1.0622E+02  0.0000E+00  1.8517E+02
  0.0000E+00  3.5000E+01  1.6035E+02  9.6770E-01  0.0000E+00  0.0000E+00
  0.0000E+00  0.0000E+00
  9.9000E+01  3.5027E+02 -3.4218E+02  1.6655E-03  2.3495E+00 -2.6326E-03
  1.9035E+02  3.6688E+00  1.3397E+00 -1.0584E+02  0.0000E+00  1.8514E+02
  0.0000E+00  3.5000E+01  1.5998E+02  9.6468E-01  0.0000E+00  0.0000E+00
  0.0000E+00  0.0000E+00
##          0         117   20190918  160150
##      1    3789                                       


  1.0000E+02  3.4689E+02 -3.4412E+02  1.5651E-03  2.3254E+00 -2.4605E-03
  1.8858E+02  3.6425E+00  1.3396E+00 -1.0545E+02  0.0000E+00  1.8509E+02
  0.0000E+00  3.5000E+01  1.6019E+02  9.6766E-01  0.0000E+00  0.0000E+00
  0.0000E+00  0.0000E+00
  1.0100E+02  3.4348E+02 -3.4594E+02  1.4779E-03  2.3009E+00 -2.1989E-03
  1.8683E+02  3.6171E+00  1.3396E+00 -1.0505E+02  0.0000E+00  1.8501E+02
  0.0000E+00  3.5000E+01  1.5983E+02  9.6464E-01  0.0000E+00  0.0000E+00
  0.0000E+00  0.0000E+00
  1.0200E+02  3.4004E+02 -3.4766E+02  1.3712E-03  2.2767E+00 -1.8542E-03
  1.8507E+02  3.5926E+00  1.3395E+00 -1.0464E+02  0.0000E+00  1.8493E+02
  0.0000E+00  3.5000E+01  1.6004E+02  9.6762E-01  0.0000E+00  0.0000E+00
  0.0000E+00  0.0000E+00
  1.0300E+02  3.3657E+02 -3.4927E+02  1.2297E-03  2.2532E+00 -1.4603E-03
  1.8333E+02  3.5689E+00  1.3395E+00 -1.0421E+02  0.0000E+00  1.8485E+02
  0.0000E+00  3.5000E+01  1.5969E+02  9.6461E-01  0.0000E+00  0.0000E+00
  0.0000E+00  0.0000E+00
  1.0400E+02  3.3308E+02 -3.5077E+02  1.0630E-03  2.2308E+00 -1.0640E-03
  1.8159E+02  3.5459E+00  1.3394E+00 -1.0378E+02  0.0000E+00  1.8476E+02
  0.0000E+00  3.5000E+01  1.5990E+02  9.6759E-01  0.0000E+00  0.0000E+00
  0.0000E+00  0.0000E+00

  1.0500E+02  3.2956E+02 -3.5217E+02  8.9439E-04  2.2095E+00 -6.9149E-04
  1.7986E+02  3.5238E+00  1.3394E+00 -1.0334E+02  0.0000E+00  1.8468E+02
  0.0000E+00  3.5000E+01  1.5955E+02  9.6458E-01  0.0000E+00  0.0000E+00
  0.0000E+00  0.0000E+00
  1.0600E+02  3.2603E+02 -3.5346E+02  7.4534E-04  2.1893E+00 -3.5600E-04
  1.7814E+02  3.5025E+00  1.3392E+00 -1.0290E+02  0.0000E+00  1.8460E+02
  0.0000E+00  3.5000E+01  1.5977E+02  9.6757E-01  0.0000E+00  0.0000E+00
  0.0000E+00  0.0000E+00
  1.0700E+02  3.2248E+02 -3.5464E+02  6.2166E-04  2.1699E+00 -4.9436E-05
  1.7642E+02  3.4819E+00  1.3391E+00 -1.0245E+02  0.0000E+00  1.8451E+02
  0.0000E+00  3.5000E+01  1.5943E+02  9.6456E-01  0.0000E+00  0.0000E+00
  0.0000E+00  0.0000E+00
  1.0800E+02  3.1892E+02 -3.5572E+02  5.1403E-04  2.1510E+00  2.3619E-04
  1.7472E+02  3.4621E+00  1.3389E+00 -1.0200E+02  0.0000E+00  1.8440E+02
  0.0000E+00  3.5000E+01  1.5965E+02  9.6756E-01  0.0000E+00  0.0000E+00
  0.0000E+00  0.0000E+00
  1.0900E+02  3.1535E+02 -3.5669E+02  4.0509E-04  2.1321E+00  5.1129E-04
  1.7302E+02  3.4432E+00  1.3386E+00 -1.0155E+02  0.0000E+00  1.8429E+02
  0.0000E+00  3.5000E+01  1.5931E+02  9.6455E-01  0.0000E+00  0.0000E+00
  0.0000E+00  0.0000E+00
##          0         117   20190918  160150
##      1    3789                                       


  1.1000E+02  3.1177E+02 -3.5756E+02  2.8442E-04  2.1133E+00  7.7099E-04
  1.7132E+02  3.4249E+00  1.3383E+00 -1.0109E+02  0.0000E+00  1.8419E+02
  0.0000E+00  3.5000E+01  1.5954E+02  9.6754E-01  0.0000E+00  0.0000E+00
  0.0000E+00  0.0000E+00
  1.1100E+02  3.0818E+02 -3.5833E+02  1.5327E-04  2.0944E+00  1.0171E-03
  1.6964E+02  3.4075E+00  1.3378E+00 -1.0064E+02  0.0000E+00  1.8409E+02
  0.0000E+00  3.5000E+01  1.5920E+02  9.6454E-01  0.0000E+00  0.0000E+00
  0.0000E+00  0.0000E+00
  1.1200E+02  3.0459E+02 -3.5899E+02  2.3640E-05  2.0758E+00  1.2505E-03
  1.6796E+02  3.3908E+00  1.3373E+00 -1.0018E+02  0.0000E+00  1.8399E+02
  0.0000E+00  3.5000E+01  1.5943E+02  9.6753E-01  0.0000E+00  0.0000E+00
  0.0000E+00  0.0000E+00
  1.1300E+02  3.0099E+02 -3.5955E+02 -9.2680E-05  2.0576E+00  1.4850E-03
  1.6629E+02  3.3748E+00  1.3367E+00 -9.9730E+01  0.0000E+00  1.8389E+02
  0.0000E+00  3.5000E+01  1.5910E+02  9.6453E-01  0.0000E+00  0.0000E+00
  0.0000E+00  0.0000E+00
  1.1400E+02  2.9740E+02 -3.6001E+02 -1.9020E-04  2.0401E+00  1.7283E-03
  1.6463E+02  3.3595E+00  1.3360E+00 -9.9277E+01  0.0000E+00  1.8380E+02
  0.0000E+00  3.5000E+01  1.5934E+02  9.6753E-01  0.0000E+00  0.0000E+00
  0.0000E+00  0.0000E+00

  1.1500E+02  2.9381E+02 -3.6037E+02 -2.7434E-04  2.0233E+00  1.9884E-03
  1.6297E+02  3.3449E+00  1.3352E+00 -9.8827E+01  0.0000E+00  1.8371E+02
  0.0000E+00  3.5000E+01  1.5901E+02  9.6452E-01  0.0000E+00  0.0000E+00
  0.0000E+00  0.0000E+00
  1.1600E+02  2.9022E+02 -3.6063E+02 -3.5574E-04  2.0073E+00  2.2567E-03
  1.6133E+02  3.3309E+00  1.3343E+00 -9.8380E+01  0.0000E+00  1.8362E+02
  0.0000E+00  3.5000E+01  1.5925E+02  9.6752E-01  0.0000E+00  0.0000E+00
  0.0000E+00  0.0000E+00
  1.1700E+02  2.8664E+02 -3.6079E+02 -4.4562E-04  1.9918E+00  2.5228E-03
  1.5969E+02  3.3176E+00  1.3333E+00 -9.7937E+01  0.0000E+00  1.8353E+02
  0.0000E+00  3.5000E+01  1.5893E+02  9.6452E-01  0.0000E+00  0.0000E+00
  0.0000E+00  0.0000E+00
  1.1800E+02  2.8307E+02 -3.6085E+02 -5.4681E-04  1.9768E+00  2.7668E-03
  1.5805E+02  3.3050E+00  1.3322E+00 -9.7498E+01  0.0000E+00  1.8345E+02
  0.0000E+00  3.5000E+01  1.5917E+02  9.6752E-01  0.0000E+00  0.0000E+00
  0.0000E+00  0.0000E+00
  1.1900E+02  2.7952E+02 -3.6081E+02 -6.5423E-04  1.9620E+00  2.9824E-03
  1.5643E+02  3.2929E+00  1.3311E+00 -9.7063E+01  0.0000E+00  1.8337E+02
  0.0000E+00  3.5000E+01  1.5885E+02  9.6451E-01  0.0000E+00  0.0000E+00
  0.0000E+00  0.0000E+00
##          0         117   20190918  160150
##      1    3789                                       


  1.2000E+02  2.7597E+02 -3.6068E+02 -7.5722E-04  1.9473E+00  3.1672E-03
  1.5481E+02  3.2815E+00  1.3299E+00 -9.6633E+01  0.0000E+00  1.8329E+02
  0.0000E+00  3.5000E+01  1.5910E+02  9.6751E-01  0.0000E+00  0.0000E+00
  0.0000E+00  0.0000E+00
  1.2100E+02  2.7245E+02 -3.6045E+02 -8.5041E-04  1.9323E+00  3.3318E-03
  1.5320E+02  3.2707E+00  1.3288E+00 -9.6207E+01  0.0000E+00  1.8322E+02
  0.0000E+00  3.5000E+01  1.5879E+02  9.6451E-01  0.0000E+00  0.0000E+00
  0.0000E+00  0.0000E+00
  1.2200E+02  2.6893E+02 -3.6012E+02 -9.3299E-04  1.9172E+00  3.4820E-03
  1.5160E+02  3.2604E+00  1.3276E+00 -9.5785E+01  0.0000E+00  1.8315E+02
  0.0000E+00  3.5000E+01  1.5904E+02  9.6751E-01  0.0000E+00  0.0000E+00
  0.0000E+00  0.0000E+00
  1.2300E+02  2.6544E+02 -3.5970E+02 -1.0062E-03  1.9022E+00  3.6335E-03
  1.5000E+02  3.2507E+00  1.3264E+00 -9.5367E+01  0.0000E+00  1.8308E+02
  0.0000E+00  3.5000E+01  1.5873E+02  9.6451E-01  0.0000E+00  0.0000E+00
  0.0000E+00  0.0000E+00
  1.2400E+02  2.6198E+02 -3.5919E+02 -1.0698E-03  1.8877E+00  3.7955E-03
  1.4841E+02  3.2416E+00  1.3251E+00 -9.4955E+01  0.0000E+00  1.8301E+02
  0.0000E+00  3.5000E+01  1.5898E+02  9.6751E-01  0.0000E+00  0.0000E+00
  0.0000E+00  0.0000E+00

  1.2500E+02  2.5853E+02 -3.5858E+02 -1.1254E-03  1.8741E+00  3.9800E-03
  1.4683E+02  3.2329E+00  1.3238E+00 -9.4549E+01  0.0000E+00  1.8295E+02
  0.0000E+00  3.5000E+01  1.5867E+02  9.6451E-01  0.0000E+00  0.0000E+00
  0.0000E+00  0.0000E+00
  1.2600E+02  2.5511E+02 -3.5789E+02 -1.1760E-03  1.8616E+00  4.1829E-03
  1.4525E+02  3.2248E+00  1.3224E+00 -9.4148E+01  0.0000E+00  1.8288E+02
  0.0000E+00  3.5000E+01  1.5893E+02  9.6751E-01  0.0000E+00  0.0000E+00
  0.0000E+00  0.0000E+00
  1.2700E+02  2.5172E+02 -3.5710E+02 -1.2282E-03  1.8500E+00  4.3974E-03
  1.4368E+02  3.2171E+00  1.3210E+00 -9.3754E+01  0.0000E+00  1.8282E+02
  0.0000E+00  3.5000E+01  1.5862E+02  9.6451E-01  0.0000E+00  0.0000E+00
  0.0000E+00  0.0000E+00
  1.2800E+02  2.4836E+02 -3.5622E+02 -1.2869E-03  1.8392E+00  4.6027E-03
  1.4212E+02  3.2099E+00  1.3195E+00 -9.3366E+01  0.0000E+00  1.8277E+02
  0.0000E+00  3.5000E+01  1.5888E+02  9.6750E-01  0.0000E+00  0.0000E+00
  0.0000E+00  0.0000E+00
  1.2900E+02  2.4503E+02 -3.5526E+02 -1.3541E-03  1.8289E+00  4.7854E-03
  1.4056E+02  3.2031E+00  1.3180E+00 -9.2985E+01  0.0000E+00  1.8271E+02
  0.0000E+00  3.5000E+01  1.5858E+02  9.6450E-01  0.0000E+00  0.0000E+00
  0.0000E+00  0.0000E+00
##          0         117   20190918  160150
##      1    3789                                       


  1.3000E+02  2.4173E+02 -3.5421E+02 -1.4260E-03  1.8190E+00  4.9320E-03
  1.3901E+02  3.1968E+00  1.3164E+00 -9.2612E+01  0.0000E+00  1.8266E+02
  0.0000E+00  3.5000E+01  1.5884E+02  9.6750E-01  0.0000E+00  0.0000E+00
  0.0000E+00  0.0000E+00
  1.3100E+02  2.3847E+02 -3.5307E+02 -1.4958E-03  1.8090E+00  5.0474E-03
  1.3747E+02  3.1909E+00  1.3147E+00 -9.2246E+01  0.0000E+00  1.8261E+02
  0.0000E+00  3.5000E+01  1.5854E+02  9.6450E-01  0.0000E+00  0.0000E+00
  0.0000E+00  0.0000E+00
  1.3200E+02  2.3524E+02 -3.5185E+02 -1.5558E-03  1.7991E+00  5.1396E-03
  1.3593E+02  3.1855E+00  1.3130E+00 -9.1887E+01  0.0000E+00  1.8256E+02
  0.0000E+00  3.5000E+01  1.5881E+02  9.6750E-01  0.0000E+00  0.0000E+00
  0.0000E+00  0.0000E+00
  1.3300E+02  2.3206E+02 -3.5055E+02 -1.6032E-03  1.7893E+00  5.2290E-03
  1.3440E+02  3.1804E+00  1.3111E+00 -9.1537E+01  0.0000E+00  1.8251E+02
  0.0000E+00  3.5000E+01  1.5851E+02  9.6450E-01  0.0000E+00  0.0000E+00
  0.0000E+00  0.0000E+00
  1.3400E+02  2.2891E+02 -3.4916E+02 -1.6392E-03  1.7799E+00  5.3264E-03
  1.3287E+02  3.1758E+00  1.3093E+00 -9.1195E+01  0.0000E+00  1.8247E+02
  0.0000E+00  3.5000E+01  1.5878E+02  9.6750E-01  0.0000E+00  0.0000E+00
  0.0000E+00  0.0000E+00

  1.3500E+02  2.2581E+02 -3.4769E+02 -1.6704E-03  1.7708E+00  5.4425E-03
  1.3135E+02  3.1715E+00  1.3073E+00 -9.0861E+01  0.0000E+00  1.8243E+02
  0.0000E+00  3.5000E+01  1.5848E+02  9.6450E-01  0.0000E+00  0.0000E+00
  0.0000E+00  0.0000E+00
  1.3600E+02  2.2275E+02 -3.4615E+02 -1.7028E-03  1.7622E+00  5.5711E-03
  1.2984E+02  3.1676E+00  1.3053E+00 -9.0536E+01  0.0000E+00  1.8238E+02
  0.0000E+00  3.5000E+01  1.5875E+02  9.6750E-01  0.0000E+00  0.0000E+00
  0.0000E+00  0.0000E+00
  1.3700E+02  2.1974E+02 -3.4452E+02 -1.7409E-03  1.7542E+00  5.7062E-03
  1.2833E+02  3.1640E+00  1.3032E+00 -9.0219E+01  0.0000E+00  1.8234E+02
  0.0000E+00  3.5000E+01  1.5846E+02  9.6450E-01  0.0000E+00  0.0000E+00
  0.0000E+00  0.0000E+00
  1.3800E+02  2.1677E+02 -3.4281E+02 -1.7844E-03  1.7466E+00  5.8326E-03
  1.2683E+02  3.1608E+00  1.3010E+00 -8.9912E+01  0.0000E+00  1.8231E+02
  0.0000E+00  3.5000E+01  1.5873E+02  9.6750E-01  0.0000E+00  0.0000E+00
  0.0000E+00  0.0000E+00
  1.3900E+02  2.1385E+02 -3.4103E+02 -1.8307E-03  1.7395E+00  5.9450E-03
  1.2533E+02  3.1579E+00  1.2988E+00 -8.9613E+01  0.0000E+00  1.8227E+02
  0.0000E+00  3.5000E+01  1.5844E+02  9.6450E-01  0.0000E+00  0.0000E+00
  0.0000E+00  0.0000E+00
##          0         117   20190918  160150
##      1    3789                                       


  1.4000E+02  2.1099E+02 -3.3918E+02 -1.8746E-03  1.7325E+00  6.0370E-03
  1.2383E+02  3.1553E+00  1.2965E+00 -8.9324E+01  0.0000E+00  1.8223E+02
  0.0000E+00  3.5000E+01  1.5871E+02  9.6750E-01  0.0000E+00  0.0000E+00
  0.0000E+00  0.0000E+00
  1.4100E+02  2.0818E+02 -3.3725E+02 -1.9141E-03  1.7257E+00  6.1176E-03
  1.2234E+02  3.1531E+00  1.2942E+00 -8.9044E+01  0.0000E+00  1.8218E+02
  0.0000E+00  3.5000E+01  1.5843E+02  9.6450E-01  0.0000E+00  0.0000E+00
  0.0000E+00  0.0000E+00
  1.4200E+02  2.0542E+02 -3.3525E+02 -1.9487E-03  1.7189E+00  6.1904E-03
  1.2086E+02  3.1512E+00  1.2918E+00 -8.8774E+01  0.0000E+00  1.8213E+02
  0.0000E+00  3.5000E+01  1.5870E+02  9.6750E-01  0.0000E+00  0.0000E+00
  0.0000E+00  0.0000E+00
  1.4300E+02  2.0272E+02 -3.3318E+02 -1.9803E-03  1.7122E+00  6.2645E-03
  1.1938E+02  3.1496E+00  1.2893E+00 -8.8513E+01  0.0000E+00  1.8208E+02
  0.0000E+00  3.5000E+01  1.5841E+02  9.6450E-01  0.0000E+00  0.0000E+00
  0.0000E+00  0.0000E+00
  1.4400E+02  2.0007E+02 -3.3104E+02 -2.0099E-03  1.7056E+00  6.3396E-03
  1.1790E+02  3.1483E+00  1.2869E+00 -8.8263E+01  0.0000E+00  1.8203E+02
  0.0000E+00  3.5000E+01  1.5869E+02  9.6750E-01  0.0000E+00  0.0000E+00
  0.0000E+00  0.0000E+00

  1.4500E+02  1.9748E+02 -3.2884E+02 -2.0388E-03  1.6993E+00  6.4206E-03
  1.1643E+02  3.1473E+00  1.2843E+00 -8.8022E+01  0.0000E+00  1.8199E+02
  0.0000E+00  3.5000E+01  1.5841E+02  9.6450E-01  0.0000E+00  0.0000E+00
  0.0000E+00  0.0000E+00
  1.4600E+02  1.9496E+02 -3.2656E+02 -2.0657E-03  1.6934E+00  6.5032E-03
  1.1496E+02  3.1466E+00  1.2818E+00 -8.7792E+01  0.0000E+00  1.8195E+02
  0.0000E+00  3.5000E+01  1.5868E+02  9.6750E-01  0.0000E+00  0.0000E+00
  0.0000E+00  0.0000E+00
  1.4700E+02  1.9249E+02 -3.2423E+02 -2.0911E-03  1.6878E+00  6.5891E-03
  1.1350E+02  3.1461E+00  1.2792E+00 -8.7571E+01  0.0000E+00  1.8190E+02
  0.0000E+00  3.5000E+01  1.5840E+02  9.6450E-01  0.0000E+00  0.0000E+00
  0.0000E+00  0.0000E+00
  1.4800E+02  1.9009E+02 -3.2183E+02 -2.1148E-03  1.6827E+00  6.6716E-03
  1.1204E+02  3.1459E+00  1.2765E+00 -8.7360E+01  0.0000E+00  1.8186E+02
  0.0000E+00  3.5000E+01  1.5868E+02  9.6750E-01  0.0000E+00  0.0000E+00
  0.0000E+00  0.0000E+00
  1.4900E+02  1.8775E+02 -3.1936E+02 -2.1380E-03  1.6778E+00  6.7505E-03
  1.1058E+02  3.1459E+00  1.2739E+00 -8.7159E+01  0.0000E+00  1.8182E+02
  0.0000E+00  3.5000E+01  1.5840E+02  9.6450E-01  0.0000E+00  0.0000E+00
  0.0000E+00  0.0000E+00
##          0         117   20190918  160150
##      1    3789                                       


  1.5000E+02  1.8548E+02 -3.1684E+02 -2.1608E-03  1.6733E+00  6.8191E-03
  1.0912E+02  3.1462E+00  1.2712E+00 -8.6968E+01  0.0000E+00  1.8178E+02
  0.0000E+00  3.5000E+01  1.5868E+02  9.6750E-01  0.0000E+00  0.0000E+00
  0.0000E+00  0.0000E+00
  1.5100E+02  1.8327E+02 -3.1426E+02 -2.1839E-03  1.6688E+00  6.8795E-03
  1.0767E+02  3.1467E+00  1.2685E+00 -8.6787E+01  0.0000E+00  1.8175E+02
  0.0000E+00  3.5000E+01  1.5840E+02  9.6450E-01  0.0000E+00  0.0000E+00
  0.0000E+00  0.0000E+00
  1.5200E+02  1.8114E+02 -3.1163E+02 -2.2067E-03  1.6643E+00  6.9277E-03
  1.0622E+02  3.1474E+00  1.2658E+00 -8.6615E+01  0.0000E+00  1.8171E+02
  0.0000E+00  3.5000E+01  1.5869E+02  9.6750E-01  0.0000E+00  0.0000E+00
  0.0000E+00  0.0000E+00
  1.5300E+02  1.7907E+02 -3.0894E+02 -2.2312E-03  1.6594E+00  6.9657E-03
  1.0478E+02  3.1483E+00  1.2633E+00 -8.6451E+01  0.0000E+00  1.8168E+02
  0.0000E+00  3.5000E+01  1.5841E+02  9.6450E-01  0.0000E+00  0.0000E+00
  0.0000E+00  0.0000E+00
  1.5400E+02  1.7707E+02 -3.0620E+02 -2.2561E-03  1.6543E+00  6.9903E-03
  1.0334E+02  3.1493E+00  1.2607E+00 -8.6296E+01  0.0000E+00  1.8165E+02
  0.0000E+00  3.5000E+01  1.5869E+02  9.6750E-01  0.0000E+00  0.0000E+00
  0.0000E+00  0.0000E+00

  1.5500E+02  1.7515E+02 -3.0340E+02 -2.2776E-03  1.6491E+00  7.0110E-03
  1.0190E+02  3.1506E+00  1.2582E+00 -8.6148E+01  0.0000E+00  1.8162E+02
  0.0000E+00  3.5000E+01  1.5842E+02  9.6450E-01  0.0000E+00  0.0000E+00
  0.0000E+00  0.0000E+00
  1.5600E+02  1.7330E+02 -3.0056E+02 -2.2904E-03  1.6442E+00  7.0340E-03
  1.0046E+02  3.1521E+00  1.2558E+00 -8.6009E+01  0.0000E+00  1.8159E+02
  0.0000E+00  3.5000E+01  1.5870E+02  9.6750E-01  0.0000E+00  0.0000E+00
  0.0000E+00  0.0000E+00
  1.5700E+02  1.7152E+02 -2.9767E+02 -2.2932E-03  1.6396E+00  7.0727E-03
  9.9024E+01  3.1536E+00  1.2534E+00 -8.5878E+01  0.0000E+00  1.8156E+02
  0.0000E+00  3.5000E+01  1.5843E+02  9.6450E-01  0.0000E+00  0.0000E+00
  0.0000E+00  0.0000E+00
  1.5800E+02  1.6982E+02 -2.9473E+02 -2.2889E-03  1.6357E+00  7.1271E-03
  9.7591E+01  3.1554E+00  1.2510E+00 -8.5753E+01  0.0000E+00  1.8153E+02
  0.0000E+00  3.5000E+01  1.5871E+02  9.6750E-01  0.0000E+00  0.0000E+00
  0.0000E+00  0.0000E+00
  1.5900E+02  1.6819E+02 -2.9175E+02 -2.2853E-03  1.6323E+00  7.1967E-03
  9.6159E+01  3.1572E+00  1.2487E+00 -8.5634E+01  0.0000E+00  1.8151E+02
  0.0000E+00  3.5000E+01  1.5844E+02  9.6450E-01  0.0000E+00  0.0000E+00
  0.0000E+00  0.0000E+00
##          0         117   20190918  160150
##      1    3789                                       


  1.6000E+02  1.6664E+02 -2.8873E+02 -2.2888E-03  1.6294E+00  7.2659E-03
  9.4730E+01  3.1592E+00  1.2464E+00 -8.5521E+01  0.0000E+00  1.8149E+02
  0.0000E+00  3.5000E+01  1.5872E+02  9.6750E-01  0.0000E+00  0.0000E+00
  0.0000E+00  0.0000E+00
  1.6100E+02  1.6517E+02 -2.8567E+02 -2.3024E-03  1.6268E+00  7.3243E-03
  9.3303E+01  3.1613E+00  1.2442E+00 -8.5414E+01  0.0000E+00  1.8146E+02
  0.0000E+00  3.5000E+01  1.5845E+02  9.6450E-01  0.0000E+00  0.0000E+00
  0.0000E+00  0.0000E+00
  1.6200E+02  1.6378E+02 -2.8257E+02 -2.3219E-03  1.6242E+00  7.3591E-03
  9.1877E+01  3.1635E+00  1.2421E+00 -8.5312E+01  0.0000E+00  1.8144E+02
  0.0000E+00  3.5000E+01  1.5874E+02  9.6750E-01  0.0000E+00  0.0000E+00
  0.0000E+00  0.0000E+00
  1.6300E+02  1.6246E+02 -2.7944E+02 -2.3411E-03  1.6217E+00  7.3733E-03
  9.0453E+01  3.1658E+00  1.2400E+00 -8.5217E+01  0.0000E+00  1.8142E+02
  0.0000E+00  3.5000E+01  1.5846E+02  9.6450E-01  0.0000E+00  0.0000E+00
  0.0000E+00  0.0000E+00
  1.6400E+02  1.6123E+02 -2.7627E+02 -2.3529E-03  1.6191E+00  7.3707E-03
  8.9031E+01  3.1682E+00  1.2380E+00 -8.5126E+01  0.0000E+00  1.8140E+02
  0.0000E+00  3.5000E+01  1.5875E+02  9.6750E-01  0.0000E+00  0.0000E+00
  0.0000E+00  0.0000E+00

  1.6500E+02  1.6008E+02 -2.7306E+02 -2.3551E-03  1.6165E+00  7.3669E-03
  8.7610E+01  3.1707E+00  1.2360E+00 -8.5042E+01  0.0000E+00  1.8138E+02
  0.0000E+00  3.5000E+01  1.5848E+02  9.6450E-01  0.0000E+00  0.0000E+00
  0.0000E+00  0.0000E+00
  1.6600E+02  1.5901E+02 -2.6983E+02 -2.3491E-03  1.6140E+00  7.3690E-03
  8.6190E+01  3.1733E+00  1.2340E+00 -8.4962E+01  0.0000E+00  1.8137E+02
  0.0000E+00  3.5000E+01  1.5877E+02  9.6750E-01  0.0000E+00  0.0000E+00
  0.0000E+00  0.0000E+00
  1.6700E+02  1.5802E+02 -2.6657E+02 -2.3404E-03  1.6116E+00  7.3857E-03
  8.4772E+01  3.1760E+00  1.2321E+00 -8.4888E+01  0.0000E+00  1.8135E+02
  0.0000E+00  3.5000E+01  1.5849E+02  9.6450E-01  0.0000E+00  0.0000E+00
  0.0000E+00  0.0000E+00
  1.6800E+02  1.5712E+02 -2.6329E+02 -2.3336E-03  1.6096E+00  7.4116E-03
  8.3355E+01  3.1787E+00  1.2302E+00 -8.4819E+01  0.0000E+00  1.8133E+02
  0.0000E+00  3.5000E+01  1.5878E+02  9.6750E-01  0.0000E+00  0.0000E+00
  0.0000E+00  0.0000E+00
  1.6900E+02  1.5630E+02 -2.5998E+02 -2.3322E-03  1.6078E+00  7.4439E-03
  8.1939E+01  3.1815E+00  1.2284E+00 -8.4754E+01  0.0000E+00  1.8132E+02
  0.0000E+00  3.5000E+01  1.5851E+02  9.6450E-01  0.0000E+00  0.0000E+00
  0.0000E+00  0.0000E+00
##          0         117   20190918  160150
##      1    3789                                       


  1.7000E+02  1.5556E+02 -2.5665E+02 -2.3351E-03  1.6063E+00  7.4710E-03
  8.0524E+01  3.1843E+00  1.2266E+00 -8.4695E+01  0.0000E+00  1.8131E+02
  0.0000E+00  3.5000E+01  1.5880E+02  9.6750E-01  0.0000E+00  0.0000E+00
  0.0000E+00  0.0000E+00
  1.7100E+02  1.5491E+02 -2.5330E+02 -2.3402E-03  1.6049E+00  7.4908E-03
  7.9109E+01  3.1872E+00  1.2249E+00 -8.4641E+01  0.0000E+00  1.8129E+02
  0.0000E+00  3.5000E+01  1.5853E+02  9.6450E-01  0.0000E+00  0.0000E+00
  0.0000E+00  0.0000E+00
  1.7200E+02  1.5434E+02 -2.4993E+02 -2.3436E-03  1.6038E+00  7.4979E-03
  7.7696E+01  3.1901E+00  1.2232E+00 -8.4591E+01  0.0000E+00  1.8128E+02
  0.0000E+00  3.5000E+01  1.5882E+02  9.6750E-01  0.0000E+00  0.0000E+00
  0.0000E+00  0.0000E+00
  1.7300E+02  1.5386E+02 -2.4655E+02 -2.3437E-03  1.6026E+00  7.4979E-03
  7.6284E+01  3.1931E+00  1.2215E+00 -8.4545E+01  0.0000E+00  1.8127E+02
  0.0000E+00  3.5000E+01  1.5855E+02  9.6450E-01  0.0000E+00  0.0000E+00
  0.0000E+00  0.0000E+00
  1.7400E+02  1.5346E+02 -2.4315E+02 -2.3394E-03  1.6015E+00  7.4912E-03
  7.4872E+01  3.1961E+00  1.2199E+00 -8.4505E+01  0.0000E+00  1.8126E+02
  0.0000E+00  3.5000E+01  1.5884E+02  9.6750E-01  0.0000E+00  0.0000E+00
  0.0000E+00  0.0000E+00

  1.7500E+02  1.5315E+02 -2.3974E+02 -2.3325E-03  1.6004E+00  7.4857E-03
  7.3461E+01  3.1991E+00  1.2184E+00 -8.4468E+01  0.0000E+00  1.8125E+02
  0.0000E+00  3.5000E+01  1.5856E+02  9.6450E-01  0.0000E+00  0.0000E+00
  0.0000E+00  0.0000E+00
  1.7600E+02  1.5293E+02 -2.3632E+02 -2.3244E-03  1.5993E+00  7.4807E-03
  7.2051E+01  3.2022E+00  1.2168E+00 -8.4436E+01  0.0000E+00  1.8124E+02
  0.0000E+00  3.5000E+01  1.5885E+02  9.6750E-01  0.0000E+00  0.0000E+00
  0.0000E+00  0.0000E+00
  1.7700E+02  1.5280E+02 -2.3290E+02 -2.3168E-03  1.5984E+00  7.4807E-03
  7.0641E+01  3.2052E+00  1.2153E+00 -8.4408E+01  0.0000E+00  1.8124E+02
  0.0000E+00  3.5000E+01  1.5858E+02  9.6450E-01  0.0000E+00  0.0000E+00
  0.0000E+00  0.0000E+00
  1.7800E+02  1.5275E+02 -2.2947E+02 -2.3099E-03  1.5976E+00  7.4812E-03
  6.9231E+01  3.2083E+00  1.2139E+00 -8.4385E+01  0.0000E+00  1.8123E+02
  0.0000E+00  3.5000E+01  1.5887E+02  9.6750E-01  0.0000E+00  0.0000E+00
  0.0000E+00  0.0000E+00
  1.7900E+02  1.5278E+02 -2.2604E+02 -2.3040E-03  1.5970E+00  7.4841E-03
  6.7822E+01  3.2114E+00  1.2125E+00 -8.4365E+01  0.0000E+00  1.8122E+02
  0.0000E+00  3.5000E+01  1.5860E+02  9.6450E-01  0.0000E+00  0.0000E+00
  0.0000E+00  0.0000E+00
##          0         117   20190918  160150
##      1    3789                                       


  1.8000E+02  1.5291E+02 -2.2261E+02 -2.2977E-03  1.5965E+00  7.4840E-03
  6.6413E+01  3.2145E+00  1.2111E+00 -8.4348E+01  0.0000E+00  1.8122E+02
  0.0000E+00  3.5000E+01  1.5889E+02  9.6750E-01  0.0000E+00  0.0000E+00
  0.0000E+00  0.0000E+00
  1.8100E+02  1.5312E+02 -2.1918E+02 -2.2911E-03  1.5961E+00  7.4830E-03
  6.5005E+01  3.2176E+00  1.2098E+00 -8.4336E+01  0.0000E+00  1.8121E+02
  0.0000E+00  3.5000E+01  1.5862E+02  9.6450E-01  0.0000E+00  0.0000E+00
  0.0000E+00  0.0000E+00
  1.8200E+02  1.5342E+02 -2.1575E+02 -2.2834E-03  1.5958E+00  7.4770E-03
  6.3596E+01  3.2207E+00  1.2085E+00 -8.4327E+01  0.0000E+00  1.8121E+02
  0.0000E+00  3.5000E+01  1.5891E+02  9.6750E-01  0.0000E+00  0.0000E+00
  0.0000E+00  0.0000E+00
  1.8300E+02  1.5380E+02 -2.1233E+02 -2.2752E-03  1.5956E+00  7.4695E-03
  6.2188E+01  3.2237E+00  1.2073E+00 -8.4322E+01  0.0000E+00  1.8120E+02
  0.0000E+00  3.5000E+01  1.5864E+02  9.6450E-01  0.0000E+00  0.0000E+00
  0.0000E+00  0.0000E+00
  1.8400E+02  1.5427E+02 -2.0892E+02 -2.2661E-03  1.5954E+00  7.4576E-03
  6.0780E+01  3.2268E+00  1.2061E+00 -8.4320E+01  0.0000E+00  1.8120E+02
  0.0000E+00  3.5000E+01  1.5893E+02  9.6750E-01  0.0000E+00  0.0000E+00
  0.0000E+00  0.0000E+00

  1.8500E+02  1.5483E+02 -2.0552E+02 -2.2568E-03  1.5953E+00  7.4458E-03
  5.9372E+01  3.2299E+00  1.2050E+00 -8.4322E+01  0.0000E+00  1.8120E+02
  0.0000E+00  3.5000E+01  1.5866E+02  9.6450E-01  0.0000E+00  0.0000E+00
  0.0000E+00  0.0000E+00
  1.8600E+02  1.5547E+02 -2.0213E+02 -2.2465E-03  1.5953E+00  7.4316E-03
  5.7963E+01  3.2329E+00  1.2039E+00 -8.4326E+01  0.0000E+00  1.8120E+02
  0.0000E+00  3.5000E+01  1.5895E+02  9.6750E-01  0.0000E+00  0.0000E+00
  0.0000E+00  0.0000E+00
  1.8700E+02  1.5620E+02 -1.9876E+02 -2.2358E-03  1.5952E+00  7.4194E-03
  5.6555E+01  3.2359E+00  1.2028E+00 -8.4334E+01  0.0000E+00  1.8120E+02
  0.0000E+00  3.5000E+01  1.5868E+02  9.6450E-01  0.0000E+00  0.0000E+00
  0.0000E+00  0.0000E+00
  1.8800E+02  1.5701E+02 -1.9540E+02 -2.2243E-03  1.5953E+00  7.4061E-03
  5.5146E+01  3.2389E+00  1.2017E+00 -8.4345E+01  0.0000E+00  1.8119E+02
  0.0000E+00  3.5000E+01  1.5897E+02  9.6750E-01  0.0000E+00  0.0000E+00
  0.0000E+00  0.0000E+00
  1.8900E+02  1.5791E+02 -1.9206E+02 -2.2128E-03  1.5955E+00  7.3949E-03
  5.3738E+01  3.2419E+00  1.2007E+00 -8.4358E+01  0.0000E+00  1.8119E+02
  0.0000E+00  3.5000E+01  1.5870E+02  9.6450E-01  0.0000E+00  0.0000E+00
  0.0000E+00  0.0000E+00
##          0         117   20190918  160150
##      1    3789                                       


  1.9000E+02  1.5889E+02 -1.8875E+02 -2.2008E-03  1.5957E+00  7.3818E-03
  5.2329E+01  3.2448E+00  1.1998E+00 -8.4374E+01  0.0000E+00  1.8119E+02
  0.0000E+00  3.5000E+01  1.5898E+02  9.6750E-01  0.0000E+00  0.0000E+00
  0.0000E+00  0.0000E+00
  1.9100E+02  1.5996E+02 -1.8546E+02 -2.1891E-03  1.5960E+00  7.3698E-03
  5.0919E+01  3.2478E+00  1.1989E+00 -8.4393E+01  0.0000E+00  1.8120E+02
  0.0000E+00  3.5000E+01  1.5871E+02  9.6450E-01  0.0000E+00  0.0000E+00
  0.0000E+00  0.0000E+00
  1.9200E+02  1.6111E+02 -1.8219E+02 -2.1772E-03  1.5964E+00  7.3549E-03
  4.9510E+01  3.2506E+00  1.1980E+00 -8.4415E+01  0.0000E+00  1.8120E+02
  0.0000E+00  3.5000E+01  1.5900E+02  9.6750E-01  0.0000E+00  0.0000E+00
  0.0000E+00  0.0000E+00
  1.9300E+02  1.6234E+02 -1.7895E+02 -2.1654E-03  1.5969E+00  7.3403E-03
  4.8100E+01  3.2535E+00  1.1972E+00 -8.4439E+01  0.0000E+00  1.8120E+02
  0.0000E+00  3.5000E+01  1.5873E+02  9.6450E-01  0.0000E+00  0.0000E+00
  0.0000E+00  0.0000E+00
  1.9400E+02  1.6366E+02 -1.7574E+02 -2.1530E-03  1.5974E+00  7.3223E-03
  4.6689E+01  3.2563E+00  1.1964E+00 -8.4465E+01  0.0000E+00  1.8120E+02
  0.0000E+00  3.5000E+01  1.5902E+02  9.6750E-01  0.0000E+00  0.0000E+00
  0.0000E+00  0.0000E+00

  1.9500E+02  1.6505E+02 -1.7256E+02 -2.1404E-03  1.5979E+00  7.3050E-03
  4.5278E+01  3.2590E+00  1.1956E+00 -8.4493E+01  0.0000E+00  1.8120E+02
  0.0000E+00  3.5000E+01  1.5875E+02  9.6450E-01  0.0000E+00  0.0000E+00
  0.0000E+00  0.0000E+00
  1.9600E+02  1.6653E+02 -1.6942E+02 -2.1271E-03  1.5985E+00  7.2853E-03
  4.3867E+01  3.2617E+00  1.1949E+00 -8.4524E+01  0.0000E+00  1.8121E+02
  0.0000E+00  3.5000E+01  1.5904E+02  9.6750E-01  0.0000E+00  0.0000E+00
  0.0000E+00  0.0000E+00
  1.9700E+02  1.6808E+02 -1.6631E+02 -2.1136E-03  1.5991E+00  7.2670E-03
  4.2455E+01  3.2644E+00  1.1942E+00 -8.4556E+01  0.0000E+00  1.8121E+02
  0.0000E+00  3.5000E+01  1.5876E+02  9.6450E-01  0.0000E+00  0.0000E+00
  0.0000E+00  0.0000E+00
  1.9800E+02  1.6972E+02 -1.6324E+02 -2.0995E-03  1.5998E+00  7.2469E-03
  4.1042E+01  3.2670E+00  1.1935E+00 -8.4591E+01  0.0000E+00  1.8121E+02
  0.0000E+00  3.5000E+01  1.5905E+02  9.6750E-01  0.0000E+00  0.0000E+00
  0.0000E+00  0.0000E+00
  1.9900E+02  1.7143E+02 -1.6021E+02 -2.0854E-03  1.6004E+00  7.2290E-03
  3.9629E+01  3.2696E+00  1.1929E+00 -8.4627E+01  0.0000E+00  1.8122E+02
  0.0000E+00  3.5000E+01  1.5878E+02  9.6450E-01  0.0000E+00  0.0000E+00
  0.0000E+00  0.0000E+00
##          0         117   20190918  160151
##      1    3789                                       


  2.0000E+02  1.7322E+02 -1.5723E+02 -2.0711E-03  1.6012E+00  7.2096E-03
  3.8216E+01  3.2721E+00  1.1923E+00 -8.4665E+01  0.0000E+00  1.8122E+02
  0.0000E+00  3.5000E+01  1.5907E+02  9.6750E-01  0.0000E+00  0.0000E+00
  0.0000E+00  0.0000E+00
  2.0100E+02  1.7508E+02 -1.5428E+02 -2.0571E-03  1.6020E+00  7.1920E-03
  3.6801E+01  3.2746E+00  1.1918E+00 -8.4704E+01  0.0000E+00  1.8123E+02
  0.0000E+00  3.5000E+01  1.5880E+02  9.6450E-01  0.0000E+00  0.0000E+00
  0.0000E+00  0.0000E+00
  2.0200E+02  1.7702E+02 -1.5138E+02 -2.0430E-03  1.6029E+00  7.1722E-03
  3.5386E+01  3.2770E+00  1.1913E+00 -8.4745E+01  0.0000E+00  1.8123E+02
  0.0000E+00  3.5000E+01  1.5908E+02  9.6750E-01  0.0000E+00  0.0000E+00
  0.0000E+00  0.0000E+00
  2.0300E+02  1.7903E+02 -1.4853E+02 -2.0296E-03  1.6037E+00  7.1543E-03
  3.3971E+01  3.2794E+00  1.1908E+00 -8.4785E+01  0.0000E+00  1.8124E+02
  0.0000E+00  3.5000E+01  1.5881E+02  9.6450E-01  0.0000E+00  0.0000E+00
  0.0000E+00  0.0000E+00
  2.0400E+02  1.8111E+02 -1.4573E+02 -2.0172E-03  1.6045E+00  7.1343E-03
  3.2554E+01  3.2817E+00  1.1904E+00 -8.4825E+01  0.0000E+00  1.8124E+02
  0.0000E+00  3.5000E+01  1.5910E+02  9.6750E-01  0.0000E+00  0.0000E+00
  0.0000E+00  0.0000E+00

  2.0500E+02  1.8326E+02 -1.4299E+02 -2.0061E-03  1.6051E+00  7.1148E-03
  3.1137E+01  3.2840E+00  1.1901E+00 -8.4864E+01  0.0000E+00  1.8125E+02
  0.0000E+00  3.5000E+01  1.5882E+02  9.6450E-01  0.0000E+00  0.0000E+00
  0.0000E+00  0.0000E+00
  2.0600E+02  1.8549E+02 -1.4029E+02 -1.9949E-03  1.6058E+00  7.0924E-03
  2.9720E+01  3.2862E+00  1.1898E+00 -8.4903E+01  0.0000E+00  1.8126E+02
  0.0000E+00  3.5000E+01  1.5911E+02  9.6750E-01  0.0000E+00  0.0000E+00
  0.0000E+00  0.0000E+00
  2.0700E+02  1.8778E+02 -1.3765E+02 -1.9825E-03  1.6066E+00  7.0725E-03
  2.8301E+01  3.2883E+00  1.1895E+00 -8.4941E+01  0.0000E+00  1.8126E+02
  0.0000E+00  3.5000E+01  1.5884E+02  9.6450E-01  0.0000E+00  0.0000E+00
  0.0000E+00  0.0000E+00
  2.0800E+02  1.9014E+02 -1.3507E+02 -1.9675E-03  1.6074E+00  7.0534E-03
  2.6883E+01  3.2904E+00  1.1893E+00 -8.4979E+01  0.0000E+00  1.8127E+02
  0.0000E+00  3.5000E+01  1.5912E+02  9.6750E-01  0.0000E+00  0.0000E+00
  0.0000E+00  0.0000E+00
  2.0900E+02  1.9256E+02 -1.3254E+02 -1.9509E-03  1.6084E+00  7.0400E-03
  2.5463E+01  3.2925E+00  1.1891E+00 -8.5016E+01  0.0000E+00  1.8127E+02
  0.0000E+00  3.5000E+01  1.5885E+02  9.6450E-01  0.0000E+00  0.0000E+00
  0.0000E+00  0.0000E+00
##          0         117   20190918  160151
##      1    3789                                       


  2.1000E+02  1.9504E+02 -1.3007E+02 -1.9339E-03  1.6095E+00  7.0280E-03
  2.4043E+01  3.2945E+00  1.1889E+00 -8.5053E+01  0.0000E+00  1.8128E+02
  0.0000E+00  3.5000E+01  1.5914E+02  9.6750E-01  0.0000E+00  0.0000E+00
  0.0000E+00  0.0000E+00
  2.1100E+02  1.9759E+02 -1.2767E+02 -1.9190E-03  1.6106E+00  7.0187E-03
  2.2622E+01  3.2964E+00  1.1888E+00 -8.5090E+01  0.0000E+00  1.8129E+02
  0.0000E+00  3.5000E+01  1.5886E+02  9.6450E-01  0.0000E+00  0.0000E+00
  0.0000E+00  0.0000E+00
  2.1200E+02  2.0020E+02 -1.2533E+02 -1.9066E-03  1.6118E+00  7.0055E-03
  2.1201E+01  3.2983E+00  1.1886E+00 -8.5126E+01  0.0000E+00  1.8129E+02
  0.0000E+00  3.5000E+01  1.5915E+02  9.6750E-01  0.0000E+00  0.0000E+00
  0.0000E+00  0.0000E+00
  2.1300E+02  2.0287E+02 -1.2306E+02 -1.8963E-03  1.6130E+00  6.9897E-03
  1.9779E+01  3.3001E+00  1.1885E+00 -8.5161E+01  0.0000E+00  1.8130E+02
  0.0000E+00  3.5000E+01  1.5887E+02  9.6450E-01  0.0000E+00  0.0000E+00
  0.0000E+00  0.0000E+00
  2.1400E+02  2.0560E+02 -1.2085E+02 -1.8861E-03  1.6141E+00  6.9675E-03
  1.8356E+01  3.3019E+00  1.1885E+00 -8.5196E+01  0.0000E+00  1.8130E+02
  0.0000E+00  3.5000E+01  1.5916E+02  9.6750E-01  0.0000E+00  0.0000E+00
  0.0000E+00  0.0000E+00

  2.1500E+02  2.0838E+02 -1.1871E+02 -1.8751E-03  1.6152E+00  6.9441E-03
  1.6933E+01  3.3036E+00  1.1884E+00 -8.5231E+01  0.0000E+00  1.8131E+02
  0.0000E+00  3.5000E+01  1.5888E+02  9.6450E-01  0.0000E+00  0.0000E+00
  0.0000E+00  0.0000E+00
  2.1600E+02  2.1122E+02 -1.1663E+02 -1.8615E-03  1.6163E+00  6.9186E-03
  1.5509E+01  3.3053E+00  1.1884E+00 -8.5265E+01  0.0000E+00  1.8132E+02
  0.0000E+00  3.5000E+01  1.5917E+02  9.6750E-01  0.0000E+00  0.0000E+00
  0.0000E+00  0.0000E+00
  2.1700E+02  2.1410E+02 -1.1463E+02 -1.8466E-03  1.6173E+00  6.8974E-03
  1.4085E+01  3.3069E+00  1.1883E+00 -8.5299E+01  0.0000E+00  1.8132E+02
  0.0000E+00  3.5000E+01  1.5889E+02  9.6450E-01  0.0000E+00  0.0000E+00
  0.0000E+00  0.0000E+00
  2.1800E+02  2.1704E+02 -1.1270E+02 -1.8311E-03  1.6184E+00  6.8785E-03
  1.2660E+01  3.3085E+00  1.1883E+00 -8.5332E+01  0.0000E+00  1.8133E+02
  0.0000E+00  3.5000E+01  1.5918E+02  9.6750E-01  0.0000E+00  0.0000E+00
  0.0000E+00  0.0000E+00
  2.1900E+02  2.2003E+02 -1.1085E+02 -1.8166E-03  1.6195E+00  6.8646E-03
  1.1235E+01  3.3100E+00  1.1883E+00 -8.5365E+01  0.0000E+00  1.8133E+02
  0.0000E+00  3.5000E+01  1.5890E+02  9.6450E-01  0.0000E+00  0.0000E+00
  0.0000E+00  0.0000E+00
##          0         117   20190918  160151
##      1    3789                                       


  2.2000E+02  2.2306E+02 -1.0907E+02 -3.0171E-03  1.6206E+00  7.2760E-03
  9.8085E+00  3.3115E+00  1.1883E+00 -8.5397E+01  0.0000E+00  1.8134E+02
  0.0000E+00  3.5000E+01  1.5919E+02  9.6750E-01  0.0000E+00  0.0000E+00
  0.0000E+00  0.0000E+00
  2.2100E+02  2.2614E+02 -1.0736E+02 -1.7914E-03  1.6218E+00  6.8373E-03
  8.3820E+00  3.3129E+00  1.1884E+00 -8.5429E+01  0.0000E+00  1.8135E+02
  0.0000E+00  3.5000E+01  1.5891E+02  9.6450E-01  0.0000E+00  0.0000E+00
  0.0000E+00  0.0000E+00
  2.2200E+02  2.2926E+02 -1.0574E+02 -1.7799E-03  1.6229E+00  6.8214E-03
  6.9550E+00  3.3142E+00  1.1884E+00 -8.5461E+01  0.0000E+00  1.8135E+02
  0.0000E+00  3.5000E+01  1.5920E+02  9.6750E-01  0.0000E+00  0.0000E+00
  0.0000E+00  0.0000E+00
  2.2300E+02  2.3242E+02 -1.0419E+02 -1.7687E-03  1.6240E+00  6.8058E-03
  5.5274E+00  3.3155E+00  1.1885E+00 -8.5492E+01  0.0000E+00  1.8136E+02
  0.0000E+00  3.5000E+01  1.5892E+02  9.6450E-01  0.0000E+00  0.0000E+00
  0.0000E+00  0.0000E+00
  2.2400E+02  2.3562E+02 -1.0271E+02 -1.7570E-03  1.6251E+00  6.7867E-03
  4.0993E+00  3.3168E+00  1.1885E+00 -8.5522E+01  0.0000E+00  1.8136E+02
  0.0000E+00  3.5000E+01  1.5921E+02  9.6750E-01  0.0000E+00  0.0000E+00
  0.0000E+00  0.0000E+00

  2.2500E+02  2.3886E+02 -1.0132E+02 -1.7451E-03  1.6262E+00  6.7686E-03
  2.6707E+00  3.3180E+00  1.1886E+00 -8.5553E+01  0.0000E+00  1.8137E+02
  0.0000E+00  3.5000E+01  1.5893E+02  9.6450E-01  0.0000E+00  0.0000E+00
  0.0000E+00  0.0000E+00
  2.2600E+02  2.4213E+02 -1.0001E+02 -1.7325E-03  1.6272E+00  6.7489E-03
  1.2416E+00  3.3192E+00  1.1886E+00 -8.5582E+01  0.0000E+00  1.8137E+02
  0.0000E+00  3.5000E+01  1.5921E+02  9.6750E-01  0.0000E+00  0.0000E+00
  0.0000E+00  0.0000E+00
  2.2700E+02  2.4544E+02 -9.8786E+01 -2.9392E-03  1.6282E+00  7.1592E-03
  3.5981E+02  3.3204E+00  1.1887E+00 -8.5612E+01  0.0000E+00  2.5000E+02
  0.0000E+00  3.5000E+01  1.6400E+02  1.2000E+00  0.0000E+00  0.0000E+00
  0.0000E+00  0.0000E+00
