##          0         101   20190918  160143
##      1    3789                                       


  0.0000E+00  0.0000E+00  0.0000E+00  0.0000E+00  0.0000E+00  0.0000E+00
  0.0000E+00  1.1111E+01  0.0000E+00  0.0000E+00  0.0000E+00  2.5000E+02
  0.0000E+00  0.0000E+00  1.6400E+02  1.2000E+00  0.0000E+00  0.0000E+00
  0.0000E+00  0.0000E+00
  1.0000E+00  1.1100E+01 -7.9702E-03  1.0204E-02  6.1857E-02 -3.9578E-03
  7.0393E-03  1.1099E+01 -2.1988E-02  1.0700E+00  0.0000E+00  2.2000E+02
  0.0000E+00 -5.5200E+00  1.6400E+02  1.2000E+00  0.0000E+00  0.0000E+00
  0.0000E+00  0.0000E+00
  2.0000E+00  2.2191E+01 -4.7062E-02  1.0643E-02  3.2502E-01 -5.5602E-03
  4.2382E-02  1.1079E+01 -6.6749E-02  3.3886E+00  0.0000E+00  2.0659E+02
  0.0000E+00 -1.0120E+01  1.6400E+02  1.2000E+00  0.0000E+00  0.0000E+00
  0.0000E+00  0.0000E+00
  3.0000E+00  3.3251E+01 -1.3052E-01  1.1561E-02  7.7271E-01 -1.0473E-02
  1.2675E-01  1.1036E+01 -1.3060E-01  6.9197E+00  0.0000E+00  2.0010E+02
  0.0000E+00 -1.4720E+01  1.6400E+02  1.2000E+00  0.0000E+00  0.0000E+00
  0.0000E+00  0.0000E+00
  4.0000E+00  4.4260E+01 -2.6321E-01  1.2943E-02  1.2834E+00 -1.9118E-02
  2.7799E-01  1.0978E+01 -2.0552E-01  1.1335E+01  0.0000E+00  1.9566E+02
  0.0000E+00 -1.9320E+01  1.6400E+02  1.2000E+00  0.0000E+00  0.0000E+00
  0.0000E+00  0.0000E+00

  5.0000E+00  5.5206E+01 -4.3741E-01  1.4815E-02  1.6785E+00 -2.9159E-02
  5.0751E-01  1.0909E+01 -2.8109E-01  1.6247E+01  0.0000E+00  1.9425E+02
  0.0000E+00 -2.3920E+01  1.6400E+02  1.2000E+00  0.0000E+00  0.0000E+00
  0.0000E+00  0.0000E+00
  6.0000E+00  6.6078E+01 -6.3645E-01  1.7522E-02  1.8115E+00 -3.7229E-02
  8.2162E-01  1.0828E+01 -3.5396E-01  2.1429E+01  0.0000E+00  1.9399E+02
  0.0000E+00 -2.8520E+01  1.6400E+02  1.2000E+00  0.0000E+00  0.0000E+00
  0.0000E+00  0.0000E+00
  7.0000E+00  7.6867E+01 -8.4219E-01  2.1187E-02  1.6336E+00 -4.0733E-02
  1.2239E+00  1.0737E+01 -4.2359E-01  2.6796E+01  0.0000E+00  1.9443E+02
  0.0000E+00 -3.3120E+01  1.6400E+02  1.2000E+00  0.0000E+00  0.0000E+00
  0.0000E+00  0.0000E+00
  8.0000E+00  8.7563E+01 -1.0347E+00  2.5229E-02  1.1806E+00 -3.8921E-02
  1.7178E+00  1.0638E+01 -4.8811E-01  3.2383E+01  0.0000E+00  1.9520E+02
  0.0000E+00 -3.4914E+01  1.6400E+02  1.2000E+00  0.0000E+00  0.0000E+00
  0.0000E+00  0.0000E+00
  9.0000E+00  9.8161E+01 -1.1938E+00  2.8450E-02  5.3348E-01 -3.2636E-02
  2.3061E+00  1.0536E+01 -5.4866E-01  3.8084E+01  0.0000E+00  1.9612E+02
  0.0000E+00 -3.4996E+01  1.6400E+02  1.2000E+00  0.0000E+00  0.0000E+00
  0.0000E+00  0.0000E+00
##          0         101   20190918  160144
##      1    3789                                       


  1.0000E+01  1.0866E+02 -1.3006E+00  2.9872E-02 -2.0192E-01 -2.4475E-02
  2.9900E+00  1.0433E+01 -6.0649E-01  4.3843E+01  0.0000E+00  1.9711E+02
  0.0000E+00 -3.5000E+01  1.6400E+02  1.2000E+00  0.0000E+00  0.0000E+00
  0.0000E+00  0.0000E+00
  1.1000E+01  1.1906E+02 -1.3377E+00  2.9441E-02 -9.2063E-01 -1.8061E-02
  3.7701E+00  1.0327E+01 -6.6204E-01  4.9620E+01  0.0000E+00  1.9812E+02
  0.0000E+00 -3.5000E+01  1.6400E+02  1.2000E+00  0.0000E+00  0.0000E+00
  0.0000E+00  0.0000E+00
  1.2000E+01  1.2936E+02 -1.2881E+00  2.8028E-02 -1.5474E+00 -1.6237E-02
  4.6466E+00  1.0220E+01 -7.1466E-01  5.5352E+01  0.0000E+00  1.9910E+02
  0.0000E+00 -3.5000E+01  1.6396E+02  1.1905E+00  0.0000E+00  0.0000E+00
  0.0000E+00  0.0000E+00
  1.3000E+01  1.3955E+02 -1.1343E+00  2.6891E-02 -2.0514E+00 -1.9685E-02
  5.6182E+00  1.0112E+01 -7.6307E-01  6.0922E+01  0.0000E+00  2.0001E+02
  0.0000E+00 -3.5000E+01  1.6393E+02  1.1842E+00  0.0000E+00  0.0000E+00
  0.0000E+00  0.0000E+00
  1.4000E+01  1.4963E+02 -8.5818E-01  2.6950E-02 -2.4442E+00 -2.6665E-02
  6.6809E+00  1.0004E+01 -8.0616E-01  6.6214E+01  0.0000E+00  2.0081E+02
  0.0000E+00 -3.5000E+01  1.6396E+02  1.1841E+00  0.0000E+00  0.0000E+00
  0.0000E+00  0.0000E+00

  1.5000E+01  1.5961E+02 -4.4305E-01  2.8355E-02 -2.7547E+00 -3.4103E-02
  7.8300E+00  9.8962E+00 -8.4462E-01  7.1216E+01  0.0000E+00  2.0151E+02
  0.0000E+00 -3.5000E+01  1.6390E+02  1.1773E+00  0.0000E+00  0.0000E+00
  0.0000E+00  0.0000E+00
  1.6000E+01  1.6947E+02  1.2583E-01  3.0430E-02 -3.0159E+00 -3.9220E-02
  9.0604E+00  9.7884E+00 -8.7918E-01  7.5921E+01  0.0000E+00  2.0210E+02
  0.0000E+00 -3.5000E+01  1.6387E+02  1.1714E+00  0.0000E+00  0.0000E+00
  0.0000E+00  0.0000E+00
  1.7000E+01  1.7922E+02  8.6099E-01  3.2103E-02 -3.2556E+00 -4.0695E-02
  1.0367E+01  9.6799E+00 -9.1046E-01  8.0325E+01  0.0000E+00  2.0260E+02
  0.0000E+00 -3.5000E+01  1.6389E+02  1.1660E+00  0.0000E+00  0.0000E+00
  0.0000E+00  0.0000E+00
  1.8000E+01  1.8885E+02  1.7728E+00  3.2530E-02 -3.4899E+00 -3.8937E-02
  1.1745E+01  9.5702E+00 -9.3916E-01  8.4431E+01  0.0000E+00  2.0301E+02
  0.0000E+00 -3.5000E+01  1.6387E+02  1.1616E+00  0.0000E+00  0.0000E+00
  0.0000E+00  0.0000E+00
  1.9000E+01  1.9835E+02  2.8693E+00  3.1535E-02 -3.7226E+00 -3.5538E-02
  1.3190E+01  9.4592E+00 -9.6591E-01  8.8246E+01  0.0000E+00  2.0334E+02
  0.0000E+00 -3.5000E+01  1.6380E+02  1.1580E+00  0.0000E+00  0.0000E+00
  0.0000E+00  0.0000E+00
##          0         101   20190918  160144
##      1    3789                                       


  2.0000E+01  2.0771E+02  4.1570E+00  2.9622E-02 -3.9483E+00 -3.2346E-02
  1.4696E+01  9.3469E+00 -9.9099E-01  9.1784E+01  0.0000E+00  2.0360E+02
  0.0000E+00 -3.5000E+01  1.6379E+02  1.1491E+00  0.0000E+00  0.0000E+00
  0.0000E+00  0.0000E+00
  2.1000E+01  2.1694E+02  5.6410E+00  2.7636E-02 -4.1586E+00 -3.0675E-02
  1.6260E+01  9.2337E+00 -1.0139E+00  9.5106E+01  0.0000E+00  2.0373E+02
  0.0000E+00 -3.5000E+01  1.6378E+02  1.1439E+00  0.0000E+00  0.0000E+00
  0.0000E+00  0.0000E+00
  2.2000E+01  2.2602E+02  7.3257E+00  2.6306E-02 -4.3467E+00 -3.0918E-02
  1.7878E+01  9.1199E+00 -1.0346E+00  9.8226E+01  0.0000E+00  2.0375E+02
  0.0000E+00 -3.5000E+01  1.6375E+02  1.1411E+00  0.0000E+00  0.0000E+00
  0.0000E+00  0.0000E+00
  2.3000E+01  2.3494E+02  9.2140E+00  2.5902E-02 -4.5076E+00 -3.2580E-02
  1.9548E+01  9.0057E+00 -1.0536E+00  1.0114E+02  0.0000E+00  2.0346E+02
  0.0000E+00 -3.5000E+01  1.6371E+02  1.1400E+00  0.0000E+00  0.0000E+00
  0.0000E+00  0.0000E+00
  2.4000E+01  2.4371E+02  1.1308E+01  2.6171E-02 -4.6391E+00 -3.4737E-02
  2.1265E+01  8.8913E+00 -1.0710E+00  1.0385E+02  0.0000E+00  2.0311E+02
  0.0000E+00 -3.5000E+01  1.6336E+02  1.1340E+00  0.0000E+00  0.0000E+00
  0.0000E+00  0.0000E+00

  2.5000E+01  2.5230E+02  1.3607E+01  2.6563E-02 -4.7428E+00 -3.6568E-02
  2.3026E+01  8.7766E+00 -1.0868E+00  1.0636E+02  0.0000E+00  2.0275E+02
  0.0000E+00 -3.5000E+01  1.6355E+02  1.1295E+00  0.0000E+00  0.0000E+00
  0.0000E+00  0.0000E+00
  2.6000E+01  2.6073E+02  1.6112E+01  2.6586E-02 -4.8231E+00 -3.7644E-02
  2.4828E+01  8.6617E+00 -1.1013E+00  1.0865E+02  0.0000E+00  2.0237E+02
  0.0000E+00 -3.5000E+01  1.6362E+02  1.1202E+00  0.0000E+00  0.0000E+00
  0.0000E+00  0.0000E+00
  2.7000E+01  2.6897E+02  1.8821E+01  2.6048E-02 -4.8847E+00 -3.7943E-02
  2.6666E+01  8.5466E+00 -1.1146E+00  1.1075E+02  0.0000E+00  2.0198E+02
  0.0000E+00 -3.5000E+01  1.6363E+02  1.1138E+00  0.0000E+00  0.0000E+00
  0.0000E+00  0.0000E+00
  2.8000E+01  2.7702E+02  2.1729E+01  2.5070E-02 -4.9309E+00 -3.7708E-02
  2.8538E+01  8.4314E+00 -1.1270E+00  1.1266E+02  0.0000E+00  2.0156E+02
  0.0000E+00 -3.5000E+01  1.6370E+02  1.1117E+00  0.0000E+00  0.0000E+00
  0.0000E+00  0.0000E+00
  2.9000E+01  2.8488E+02  2.4834E+01  2.3943E-02 -4.9642E+00 -3.7248E-02
  3.0440E+01  8.3163E+00 -1.1385E+00  1.1438E+02  0.0000E+00  2.0113E+02
  0.0000E+00 -3.5000E+01  1.6361E+02  1.1050E+00  0.0000E+00  0.0000E+00
  0.0000E+00  0.0000E+00
##          0         101   20190918  160144
##      1    3789                                       


  3.0000E+01  2.9254E+02  2.8131E+01  1.7133E-02 -4.9861E+00 -3.5143E-02
  3.2370E+01  8.2014E+00 -1.1493E+00  1.1594E+02  0.0000E+00  2.0070E+02
  0.0000E+00 -3.5000E+01  1.6344E+02  1.1009E+00  0.0000E+00  0.0000E+00
  0.0000E+00  0.0000E+00
  3.1000E+01  2.9999E+02  3.1613E+01  2.2168E-02 -4.9975E+00 -3.6442E-02
  3.4325E+01  8.0869E+00 -1.1593E+00  1.1733E+02  0.0000E+00  2.0025E+02
  0.0000E+00 -3.5000E+01  1.6348E+02  1.1010E+00  0.0000E+00  0.0000E+00
  0.0000E+00  0.0000E+00
  3.2000E+01  3.0723E+02  3.5276E+01  2.1611E-02 -4.9992E+00 -3.6182E-02
  3.6302E+01  7.9730E+00 -1.1685E+00  1.1858E+02  0.0000E+00  1.9979E+02
  0.0000E+00 -3.5000E+01  1.6325E+02  1.0959E+00  0.0000E+00  0.0000E+00
  0.0000E+00  0.0000E+00
  3.3000E+01  3.1426E+02  3.9111E+01  2.1145E-02 -4.9918E+00 -3.5963E-02
  3.8299E+01  7.8597E+00 -1.1772E+00  1.1969E+02  0.0000E+00  1.9933E+02
  0.0000E+00 -3.5000E+01  1.6295E+02  1.0932E+00  0.0000E+00  0.0000E+00
  0.0000E+00  0.0000E+00
  3.4000E+01  3.2106E+02  4.3112E+01  2.0652E-02 -4.9759E+00 -3.5737E-02
  4.0313E+01  7.7472E+00 -1.1851E+00  1.2067E+02  0.0000E+00  1.9887E+02
  0.0000E+00 -3.5000E+01  1.6300E+02  1.0945E+00  0.0000E+00  0.0000E+00
  0.0000E+00  0.0000E+00

  3.5000E+01  3.2764E+02  4.7270E+01  2.0080E-02 -4.9520E+00 -3.5476E-02
  4.2342E+01  7.6356E+00 -1.1925E+00  1.2152E+02  0.0000E+00  1.9840E+02
  0.0000E+00 -3.5000E+01  1.6272E+02  1.0904E+00  0.0000E+00  0.0000E+00
  0.0000E+00  0.0000E+00
  3.6000E+01  3.3399E+02  5.1579E+01  1.9441E-02 -4.9211E+00 -3.5177E-02
  4.4385E+01  7.5250E+00 -1.1992E+00  1.2227E+02  0.0000E+00  1.9793E+02
  0.0000E+00 -3.5000E+01  1.6273E+02  1.0846E+00  0.0000E+00  0.0000E+00
  0.0000E+00  0.0000E+00
  3.7000E+01  3.4011E+02  5.6029E+01  1.8796E-02 -4.8845E+00 -3.4833E-02
  4.6439E+01  7.4153E+00 -1.2054E+00  1.2291E+02  0.0000E+00  1.9747E+02
  0.0000E+00 -3.5000E+01  1.6237E+02  1.0828E+00  0.0000E+00  0.0000E+00
  0.0000E+00  0.0000E+00
  3.8000E+01  3.4600E+02  6.0612E+01  1.8198E-02 -4.8430E+00 -3.4420E-02
  4.8503E+01  7.3067E+00 -1.2110E+00  1.2344E+02  0.0000E+00  1.9700E+02
  0.0000E+00 -3.5000E+01  1.6239E+02  1.0775E+00  0.0000E+00  0.0000E+00
  0.0000E+00  0.0000E+00
  3.9000E+01  3.5165E+02  6.5319E+01  1.7662E-02 -4.7976E+00 -3.3921E-02
  5.0575E+01  7.1993E+00 -1.2161E+00  1.2388E+02  0.0000E+00  1.9653E+02
  0.0000E+00 -3.5000E+01  1.6240E+02  1.0727E+00  0.0000E+00  0.0000E+00
  0.0000E+00  0.0000E+00
##          0         101   20190918  160144
##      1    3789                                       


  4.0000E+01  3.5706E+02  7.0140E+01  1.7163E-02 -4.7489E+00 -3.3336E-02
  5.2653E+01  7.0930E+00 -1.2207E+00  1.2423E+02  0.0000E+00  1.9606E+02
  0.0000E+00 -3.5000E+01  1.6237E+02  1.0686E+00  0.0000E+00  0.0000E+00
  0.0000E+00  0.0000E+00
  4.1000E+01  3.6224E+02  7.5068E+01  1.6659E-02 -4.6968E+00 -3.2688E-02
  5.4737E+01  6.9881E+00 -1.2248E+00  1.2448E+02  0.0000E+00  1.9560E+02
  0.0000E+00 -3.5000E+01  1.6230E+02  1.0651E+00  0.0000E+00  0.0000E+00
  0.0000E+00  0.0000E+00
  4.2000E+01  3.6717E+02  8.0093E+01  1.6119E-02 -4.6420E+00 -3.2029E-02
  5.6823E+01  6.8845E+00 -1.2280E+00  1.2464E+02  0.0000E+00  1.9514E+02
  0.0000E+00 -3.5000E+01  1.6269E+02  1.0577E+00  0.0000E+00  0.0000E+00
  0.0000E+00  0.0000E+00
  4.3000E+01  3.7187E+02  8.5206E+01  1.5559E-02 -4.5876E+00 -3.1387E-02
  5.8911E+01  6.7823E+00 -1.2301E+00  1.2473E+02  0.0000E+00  1.9468E+02
  0.0000E+00 -3.5000E+01  1.6261E+02  1.0553E+00  0.0000E+00  0.0000E+00
  0.0000E+00  0.0000E+00
  4.4000E+01  3.7633E+02  9.0398E+01  1.5038E-02 -4.5322E+00 -3.0671E-02
  6.1000E+01  6.6818E+00 -1.2329E+00  1.2469E+02  0.0000E+00  1.9422E+02
  0.0000E+00 -3.5000E+01  1.6254E+02  1.0529E+00  0.0000E+00  0.0000E+00
  0.0000E+00  0.0000E+00

  4.5000E+01  3.8055E+02  9.5659E+01  1.4511E-02 -4.4649E+00 -2.9809E-02
  6.3087E+01  6.5828E+00 -1.2379E+00  1.2449E+02  0.0000E+00  1.9377E+02
  0.0000E+00 -3.5000E+01  1.6272E+02  1.0494E+00  0.0000E+00  0.0000E+00
  0.0000E+00  0.0000E+00
  4.6000E+01  3.8455E+02  1.0098E+02  1.3817E-02 -4.3815E+00 -2.9072E-02
  6.5169E+01  6.4856E+00 -1.2440E+00  1.2416E+02  0.0000E+00  1.9333E+02
  0.0000E+00 -3.5000E+01  1.6250E+02  1.0409E+00  0.0000E+00  0.0000E+00
  0.0000E+00  0.0000E+00
  4.7000E+01  3.8831E+02  1.0635E+02  1.2948E-02 -4.2867E+00 -2.8729E-02
  6.7244E+01  6.3900E+00 -1.2506E+00  1.2373E+02  0.0000E+00  1.9291E+02
  0.0000E+00 -3.5000E+01  1.6238E+02  1.0391E+00  0.0000E+00  0.0000E+00
  0.0000E+00  0.0000E+00
  4.8000E+01  3.9184E+02  1.1177E+02  1.2130E-02 -4.1881E+00 -2.8693E-02
  6.9311E+01  6.2961E+00 -1.2570E+00  1.2321E+02  0.0000E+00  1.9250E+02
  0.0000E+00 -3.5000E+01  1.6265E+02  1.0351E+00  0.0000E+00  0.0000E+00
  0.0000E+00  0.0000E+00
  4.9000E+01  3.9515E+02  1.1721E+02  1.1635E-02 -4.0949E+00 -2.8589E-02
  7.1369E+01  6.2038E+00 -1.2630E+00  1.2264E+02  0.0000E+00  1.9208E+02
  0.0000E+00 -3.5000E+01  1.6288E+02  1.0245E+00  0.0000E+00  0.0000E+00
  0.0000E+00  0.0000E+00
##          0         101   20190918  160144
##      1    3789                                       


  5.0000E+01  3.9825E+02  1.2269E+02  1.1569E-02 -4.0130E+00 -2.7953E-02
  7.3416E+01  6.1133E+00 -1.2686E+00  1.2201E+02  0.0000E+00  1.9167E+02
  0.0000E+00 -3.5000E+01  1.6253E+02  1.0260E+00  0.0000E+00  0.0000E+00
  0.0000E+00  0.0000E+00
  5.1000E+01  4.0112E+02  1.2818E+02  1.1745E-02 -3.9433E+00 -2.6583E-02
  7.5453E+01  6.0242E+00 -1.2736E+00  1.2136E+02  0.0000E+00  1.9126E+02
  0.0000E+00 -3.5000E+01  1.6282E+02  1.0221E+00  0.0000E+00  0.0000E+00
  0.0000E+00  0.0000E+00
  5.2000E+01  4.0379E+02  1.3369E+02  1.1819E-02 -3.8847E+00 -2.4701E-02
  7.7478E+01  5.9365E+00 -1.2780E+00  1.2068E+02  0.0000E+00  1.9085E+02
  0.0000E+00 -3.5000E+01  1.6297E+02  1.0129E+00  0.0000E+00  0.0000E+00
  0.0000E+00  0.0000E+00
  5.3000E+01  4.0624E+02  1.3920E+02  1.1532E-02 -3.8328E+00 -2.2806E-02
  7.9491E+01  5.8503E+00 -1.2818E+00  1.1999E+02  0.0000E+00  1.9045E+02
  0.0000E+00 -3.5000E+01  1.6321E+02  1.0098E+00  0.0000E+00  0.0000E+00
  0.0000E+00  0.0000E+00
  5.4000E+01  4.0849E+02  1.4470E+02  1.0855E-02 -3.7819E+00 -2.1420E-02
  8.1493E+01  5.7656E+00 -1.2851E+00  1.1929E+02  0.0000E+00  1.9006E+02
  0.0000E+00 -3.5000E+01  1.6330E+02  1.0020E+00  0.0000E+00  0.0000E+00
  0.0000E+00  0.0000E+00

  5.5000E+01  4.1053E+02  1.5020E+02  9.9918E-03 -3.7272E+00 -2.0841E-02
  8.3482E+01  5.6827E+00 -1.2879E+00  1.1859E+02  0.0000E+00  1.8975E+02
  0.0000E+00 -3.5000E+01  1.6345E+02  1.0003E+00  0.0000E+00  0.0000E+00
  0.0000E+00  0.0000E+00
  5.6000E+01  4.1238E+02  1.5569E+02  9.2387E-03 -3.6661E+00 -2.1000E-02
  8.5460E+01  5.6017E+00 -1.2903E+00  1.1790E+02  0.0000E+00  1.8947E+02
  0.0000E+00 -3.5000E+01  1.6347E+02  9.9350E-01  0.0000E+00  0.0000E+00
  0.0000E+00  0.0000E+00
  5.7000E+01  4.1404E+02  1.6115E+02  8.8118E-03 -3.5984E+00 -2.1527E-02
  8.7427E+01  5.5229E+00 -1.2923E+00  1.1723E+02  0.0000E+00  1.8919E+02
  0.0000E+00 -3.5000E+01  1.6356E+02  9.9286E-01  0.0000E+00  0.0000E+00
  0.0000E+00  0.0000E+00
  5.8000E+01  4.1550E+02  1.6659E+02  8.7289E-03 -3.5257E+00 -2.1956E-02
  8.9383E+01  5.4462E+00 -1.2940E+00  1.1660E+02  0.0000E+00  1.8893E+02
  0.0000E+00 -3.5000E+01  1.6353E+02  9.8694E-01  0.0000E+00  0.0000E+00
  0.0000E+00  0.0000E+00
  5.9000E+01  4.1678E+02  1.7201E+02  8.8351E-03 -3.4522E+00 -2.1940E-02
  9.1328E+01  5.3715E+00 -1.2951E+00  1.1601E+02  0.0000E+00  1.8868E+02
  0.0000E+00 -3.5000E+01  1.6357E+02  9.8712E-01  0.0000E+00  0.0000E+00
  0.0000E+00  0.0000E+00
##          0         101   20190918  160144
##      1    3789                                       


  6.0000E+01  4.1789E+02  1.7738E+02  8.9258E-03 -3.3834E+00 -2.1350E-02
  9.3263E+01  5.2986E+00 -1.2952E+00  1.1545E+02  0.0000E+00  1.8844E+02
  0.0000E+00 -3.5000E+01  1.6349E+02  9.8186E-01  0.0000E+00  0.0000E+00
  0.0000E+00  0.0000E+00
  6.1000E+01  4.1881E+02  1.8273E+02  8.8708E-03 -3.3231E+00 -2.0254E-02
  9.5190E+01  5.2274E+00 -1.2947E+00  1.1493E+02  0.0000E+00  1.8821E+02
  0.0000E+00 -3.5000E+01  1.6351E+02  9.8268E-01  0.0000E+00  0.0000E+00
  0.0000E+00  0.0000E+00
  6.2000E+01  4.1956E+02  1.8802E+02  8.6311E-03 -3.2708E+00 -1.8880E-02
  9.7108E+01  5.1579E+00 -1.2939E+00  1.1444E+02  0.0000E+00  1.8800E+02
  0.0000E+00 -3.5000E+01  1.6339E+02  9.7794E-01  0.0000E+00  0.0000E+00
  0.0000E+00  0.0000E+00
  6.3000E+01  4.2014E+02  1.9328E+02  8.2248E-03 -3.2220E+00 -1.7532E-02
  9.9017E+01  5.0900E+00 -1.2937E+00  1.1395E+02  0.0000E+00  1.8779E+02
  0.0000E+00 -3.5000E+01  1.6340E+02  9.7925E-01  0.0000E+00  0.0000E+00
  0.0000E+00  0.0000E+00
  6.4000E+01  4.2056E+02  1.9848E+02  7.6927E-03 -3.1716E+00 -1.6524E-02
  1.0092E+02  5.0237E+00 -1.2939E+00  1.1347E+02  0.0000E+00  1.8760E+02
  0.0000E+00 -3.5000E+01  1.6323E+02  9.7490E-01  0.0000E+00  0.0000E+00
  0.0000E+00  0.0000E+00

  6.5000E+01  4.2082E+02  2.0363E+02  7.1231E-03 -3.1173E+00 -1.6037E-02
  1.0281E+02  4.9591E+00 -1.2944E+00  1.1299E+02  0.0000E+00  1.8741E+02
  0.0000E+00 -3.5000E+01  1.6324E+02  9.7659E-01  0.0000E+00  0.0000E+00
  0.0000E+00  0.0000E+00
  6.6000E+01  4.2093E+02  2.0872E+02  6.6470E-03 -3.0592E+00 -1.6004E-02
  1.0470E+02  4.8962E+00 -1.2949E+00  1.1252E+02  0.0000E+00  1.8724E+02
  0.0000E+00 -3.5000E+01  1.6304E+02  9.7255E-01  0.0000E+00  0.0000E+00
  0.0000E+00  0.0000E+00
  6.7000E+01  4.2088E+02  2.1376E+02  6.3744E-03 -2.9997E+00 -1.6142E-02
  1.0657E+02  4.8351E+00 -1.2956E+00  1.1205E+02  0.0000E+00  1.8707E+02
  0.0000E+00 -3.5000E+01  1.6306E+02  9.7453E-01  0.0000E+00  0.0000E+00
  0.0000E+00  0.0000E+00
  6.8000E+01  4.2069E+02  2.1873E+02  6.3245E-03 -2.9419E+00 -1.6097E-02
  1.0844E+02  4.7756E+00 -1.2962E+00  1.1159E+02  0.0000E+00  1.8691E+02
  0.0000E+00 -3.5000E+01  1.6282E+02  9.7073E-01  0.0000E+00  0.0000E+00
  0.0000E+00  0.0000E+00
  6.9000E+01  4.2035E+02  2.2364E+02  6.4054E-03 -2.8885E+00 -1.5634E-02
  1.1030E+02  4.7176E+00 -1.2967E+00  1.1113E+02  0.0000E+00  1.8676E+02
  0.0000E+00 -3.5000E+01  1.6286E+02  9.7294E-01  0.0000E+00  0.0000E+00
  0.0000E+00  0.0000E+00
##          0         101   20190918  160144
##      1    3789                                       


  7.0000E+01  4.1988E+02  2.2848E+02  6.4612E-03 -2.8409E+00 -1.4725E-02
  1.1216E+02  4.6611E+00 -1.2971E+00  1.1068E+02  0.0000E+00  1.8662E+02
  0.0000E+00 -3.5000E+01  1.6260E+02  9.6932E-01  0.0000E+00  0.0000E+00
  0.0000E+00  0.0000E+00
  7.1000E+01  4.1928E+02  2.3326E+02  6.3578E-03 -2.7991E+00 -1.3556E-02
  1.1400E+02  4.6058E+00 -1.2975E+00  1.1024E+02  0.0000E+00  1.8648E+02
  0.0000E+00 -3.5000E+01  1.6265E+02  9.7171E-01  0.0000E+00  0.0000E+00
  0.0000E+00  0.0000E+00
  7.2000E+01  4.1854E+02  2.3796E+02  6.0523E-03 -2.7615E+00 -1.2409E-02
  1.1584E+02  4.5519E+00 -1.2978E+00  1.0981E+02  0.0000E+00  1.8635E+02
  0.0000E+00 -3.5000E+01  1.6236E+02  9.6823E-01  0.0000E+00  0.0000E+00
  0.0000E+00  0.0000E+00
  7.3000E+01  4.1768E+02  2.4259E+02  5.6087E-03 -2.7261E+00 -1.1532E-02
  1.1768E+02  4.4994E+00 -1.2981E+00  1.0939E+02  0.0000E+00  1.8622E+02
  0.0000E+00 -3.5000E+01  1.6243E+02  9.7076E-01  0.0000E+00  0.0000E+00
  0.0000E+00  0.0000E+00
  7.4000E+01  4.1669E+02  2.4714E+02  5.1551E-03 -2.6910E+00 -1.1025E-02
  1.1950E+02  4.4482E+00 -1.2984E+00  1.0898E+02  0.0000E+00  1.8610E+02
  0.0000E+00 -3.5000E+01  1.6211E+02  9.6738E-01  0.0000E+00  0.0000E+00
  0.0000E+00  0.0000E+00

  7.5000E+01  4.1559E+02  2.5162E+02  4.8112E-03 -2.6549E+00 -1.0829E-02
  1.2132E+02  4.3984E+00 -1.2986E+00  1.0858E+02  0.0000E+00  1.8599E+02
  0.0000E+00 -3.5000E+01  1.6221E+02  9.7002E-01  0.0000E+00  0.0000E+00
  0.0000E+00  0.0000E+00
  7.6000E+01  4.1437E+02  2.5602E+02  4.6284E-03 -2.6178E+00 -1.0767E-02
  1.2313E+02  4.3499E+00 -1.2986E+00  1.0820E+02  0.0000E+00  1.8588E+02
  0.0000E+00 -3.5000E+01  1.6187E+02  9.6673E-01  0.0000E+00  0.0000E+00
  0.0000E+00  0.0000E+00
  7.7000E+01  4.1304E+02  2.6033E+02  4.5751E-03 -2.5803E+00 -1.0651E-02
  1.2493E+02  4.3028E+00 -1.2986E+00  1.0782E+02  0.0000E+00  1.8578E+02
  0.0000E+00 -3.5000E+01  1.6199E+02  9.6945E-01  0.0000E+00  0.0000E+00
  0.0000E+00  0.0000E+00
  7.8000E+01  4.1160E+02  2.6457E+02  4.5652E-03 -2.5434E+00 -1.0356E-02
  1.2673E+02  4.2570E+00 -1.2984E+00  1.0746E+02  0.0000E+00  1.8569E+02
  0.0000E+00 -3.5000E+01  1.6163E+02  9.6623E-01  0.0000E+00  0.0000E+00
  0.0000E+00  0.0000E+00
  7.9000E+01  4.1006E+02  2.6872E+02  4.5116E-03 -2.5082E+00 -9.8650E-03
  1.2853E+02  4.2123E+00 -1.2981E+00  1.0710E+02  0.0000E+00  1.8559E+02
  0.0000E+00 -3.5000E+01  1.6178E+02  9.6901E-01  0.0000E+00  0.0000E+00
  0.0000E+00  0.0000E+00
##          0         101   20190918  160144
##      1    3789                                       


  8.0000E+01  4.0842E+02  2.7279E+02  4.3673E-03 -2.4752E+00 -9.2447E-03
  1.3031E+02  4.1688E+00 -1.2977E+00  1.0676E+02  0.0000E+00  1.8551E+02
  0.0000E+00 -3.5000E+01  1.6139E+02  9.6584E-01  0.0000E+00  0.0000E+00
  0.0000E+00  0.0000E+00
  8.1000E+01  4.0667E+02  2.7677E+02  4.1407E-03 -2.4445E+00 -8.6057E-03
  1.3209E+02  4.1264E+00 -1.2972E+00  1.0643E+02  0.0000E+00  1.8542E+02
  0.0000E+00 -3.5000E+01  1.6156E+02  9.6867E-01  0.0000E+00  0.0000E+00
  0.0000E+00  0.0000E+00
  8.2000E+01  4.0484E+02  2.8066E+02  3.8790E-03 -2.4156E+00 -8.0370E-03
  1.3387E+02  4.0851E+00 -1.2966E+00  1.0611E+02  0.0000E+00  1.8534E+02
  0.0000E+00 -3.5000E+01  1.6116E+02  9.6553E-01  0.0000E+00  0.0000E+00
  0.0000E+00  0.0000E+00
  8.3000E+01  4.0291E+02  2.8447E+02  3.6366E-03 -2.3882E+00 -7.5846E-03
  1.3564E+02  4.0449E+00 -1.2960E+00  1.0580E+02  0.0000E+00  1.8527E+02
  0.0000E+00 -3.5000E+01  1.6134E+02  9.6840E-01  0.0000E+00  0.0000E+00
  0.0000E+00  0.0000E+00
  8.4000E+01  4.0089E+02  2.8819E+02  3.4471E-03 -2.3613E+00 -7.2362E-03
  1.3741E+02  4.0058E+00 -1.2954E+00  1.0550E+02  0.0000E+00  1.8520E+02
  0.0000E+00 -3.5000E+01  1.6095E+02  9.6530E-01  0.0000E+00  0.0000E+00
  0.0000E+00  0.0000E+00

  8.5000E+01  3.9879E+02  2.9181E+02  3.3122E-03 -2.3348E+00 -6.9525E-03
  1.3917E+02  3.9677E+00 -1.2947E+00  1.0521E+02  0.0000E+00  1.8513E+02
  0.0000E+00 -3.5000E+01  1.6113E+02  9.6820E-01  0.0000E+00  0.0000E+00
  0.0000E+00  0.0000E+00
  8.6000E+01  3.9660E+02  2.9535E+02  3.2058E-03 -2.3076E+00 -6.6805E-03
  1.4092E+02  3.9306E+00 -1.2943E+00  1.0491E+02  0.0000E+00  1.8507E+02
  0.0000E+00 -3.5000E+01  1.6074E+02  9.6512E-01  0.0000E+00  0.0000E+00
  0.0000E+00  0.0000E+00
  8.7000E+01  3.9434E+02  2.9879E+02  3.0862E-03 -2.2792E+00 -6.4023E-03
  1.4267E+02  3.8946E+00 -1.2941E+00  1.0461E+02  0.0000E+00  1.8501E+02
  0.0000E+00 -3.5000E+01  1.6092E+02  9.6804E-01  0.0000E+00  0.0000E+00
  0.0000E+00  0.0000E+00
  8.8000E+01  3.9200E+02  3.0214E+02  2.9282E-03 -2.2497E+00 -6.1169E-03
  1.4442E+02  3.8595E+00 -1.2941E+00  1.0431E+02  0.0000E+00  1.8496E+02
  0.0000E+00 -3.5000E+01  1.6053E+02  9.6498E-01  0.0000E+00  0.0000E+00
  0.0000E+00  0.0000E+00
  8.9000E+01  3.8959E+02  3.0540E+02  2.7457E-03 -2.2203E+00 -5.8269E-03
  1.4616E+02  3.8253E+00 -1.2943E+00  1.0399E+02  0.0000E+00  1.8490E+02
  0.0000E+00 -3.5000E+01  1.6072E+02  9.6792E-01  0.0000E+00  0.0000E+00
  0.0000E+00  0.0000E+00
##          0         101   20190918  160144
##      1    3789                                       


  9.0000E+01  3.8711E+02  3.0857E+02  2.5754E-03 -2.1920E+00 -5.5113E-03
  1.4789E+02  3.7921E+00 -1.2945E+00  1.0367E+02  0.0000E+00  1.8485E+02
  0.0000E+00 -3.5000E+01  1.6034E+02  9.6487E-01  0.0000E+00  0.0000E+00
  0.0000E+00  0.0000E+00
  9.1000E+01  3.8456E+02  3.1165E+02  2.4476E-03 -2.1659E+00 -5.1464E-03
  1.4962E+02  3.7597E+00 -1.2948E+00  1.0334E+02  0.0000E+00  1.8480E+02
  0.0000E+00 -3.5000E+01  1.6053E+02  9.6782E-01  0.0000E+00  0.0000E+00
  0.0000E+00  0.0000E+00
  9.2000E+01  3.8195E+02  3.1463E+02  2.3618E-03 -2.1423E+00 -4.7149E-03
  1.5134E+02  3.7281E+00 -1.2951E+00  1.0301E+02  0.0000E+00  1.8474E+02
  0.0000E+00 -3.5000E+01  1.6016E+02  9.6479E-01  0.0000E+00  0.0000E+00
  0.0000E+00  0.0000E+00
  9.3000E+01  3.7928E+02  3.1751E+02  2.2873E-03 -2.1209E+00 -4.2328E-03
  1.5306E+02  3.6975E+00 -1.2955E+00  1.0267E+02  0.0000E+00  1.8469E+02
  0.0000E+00 -3.5000E+01  1.6035E+02  9.6775E-01  0.0000E+00  0.0000E+00
  0.0000E+00  0.0000E+00
  9.4000E+01  3.7655E+02  3.2030E+02  2.1849E-03 -2.1011E+00 -3.7438E-03
  1.5477E+02  3.6677E+00 -1.2959E+00  1.0233E+02  0.0000E+00  1.8464E+02
  0.0000E+00 -3.5000E+01  1.5998E+02  9.6472E-01  0.0000E+00  0.0000E+00
  0.0000E+00  0.0000E+00

  9.5000E+01  3.7377E+02  3.2300E+02  2.0340E-03 -2.0819E+00 -3.3126E-03
  1.5648E+02  3.6387E+00 -1.2963E+00  1.0199E+02  0.0000E+00  1.8459E+02
  0.0000E+00 -3.5000E+01  1.6018E+02  9.6769E-01  0.0000E+00  0.0000E+00
  0.0000E+00  0.0000E+00
  9.6000E+01  3.7093E+02  3.2560E+02  1.8445E-03 -2.0627E+00 -2.9798E-03
  1.5818E+02  3.6106E+00 -1.2967E+00  1.0164E+02  0.0000E+00  1.8454E+02
  0.0000E+00 -3.5000E+01  1.5981E+02  9.6467E-01  0.0000E+00  0.0000E+00
  0.0000E+00  0.0000E+00
  9.7000E+01  3.6805E+02  3.2811E+02  1.6509E-03 -2.0430E+00 -2.7523E-03
  1.5988E+02  3.5833E+00 -1.2971E+00  1.0130E+02  0.0000E+00  1.8450E+02
  0.0000E+00 -3.5000E+01  1.6001E+02  9.6765E-01  0.0000E+00  0.0000E+00
  0.0000E+00  0.0000E+00
  9.8000E+01  3.6511E+02  3.3052E+02  1.4890E-03 -2.0227E+00 -2.5893E-03
  1.6157E+02  3.5568E+00 -1.2974E+00  1.0095E+02  0.0000E+00  1.8445E+02
  0.0000E+00 -3.5000E+01  1.5965E+02  9.6463E-01  0.0000E+00  0.0000E+00
  0.0000E+00  0.0000E+00
  9.9000E+01  3.6213E+02  3.3284E+02  1.3752E-03 -2.0019E+00 -2.4287E-03
  1.6325E+02  3.5312E+00 -1.2979E+00  1.0060E+02  0.0000E+00  1.8441E+02
  0.0000E+00 -3.5000E+01  1.5986E+02  9.6762E-01  0.0000E+00  0.0000E+00
  0.0000E+00  0.0000E+00
##          0         101   20190918  160144
##      1    3789                                       


  1.0000E+02  3.5911E+02  3.3506E+02  1.2942E-03 -1.9806E+00 -2.2123E-03
  1.6493E+02  3.5065E+00 -1.2984E+00  1.0023E+02  0.0000E+00  1.8437E+02
  0.0000E+00 -3.5000E+01  1.5950E+02  9.6460E-01  0.0000E+00  0.0000E+00
  0.0000E+00  0.0000E+00
  1.0100E+02  3.5605E+02  3.3719E+02  1.2153E-03 -1.9594E+00 -1.9274E-03
  1.6660E+02  3.4825E+00 -1.2990E+00  9.9850E+01  0.0000E+00  1.8432E+02
  0.0000E+00 -3.5000E+01  1.5971E+02  9.6759E-01  0.0000E+00  0.0000E+00
  0.0000E+00  0.0000E+00
  1.0200E+02  3.5295E+02  3.3922E+02  1.1146E-03 -1.9387E+00 -1.5876E-03
  1.6826E+02  3.4592E+00 -1.2996E+00  9.9459E+01  0.0000E+00  1.8428E+02
  0.0000E+00 -3.5000E+01  1.5936E+02  9.6458E-01  0.0000E+00  0.0000E+00
  0.0000E+00  0.0000E+00
  1.0300E+02  3.4982E+02  3.4116E+02  9.8904E-04 -1.9190E+00 -1.2273E-03
  1.6992E+02  3.4368E+00 -1.3002E+00  9.9059E+01  0.0000E+00  1.8424E+02
  0.0000E+00 -3.5000E+01  1.5958E+02  9.6757E-01  0.0000E+00  0.0000E+00
  0.0000E+00  0.0000E+00
  1.0400E+02  3.4665E+02  3.4301E+02  8.5215E-04 -1.9005E+00 -8.7167E-04
  1.7157E+02  3.4150E+00 -1.3007E+00  9.8651E+01  0.0000E+00  1.8420E+02
  0.0000E+00 -3.5000E+01  1.5923E+02  9.6456E-01  0.0000E+00  0.0000E+00
  0.0000E+00  0.0000E+00

  1.0500E+02  3.4345E+02  3.4476E+02  7.2225E-04 -1.8832E+00 -5.4067E-04
  1.7322E+02  3.3940E+00 -1.3013E+00  9.8237E+01  0.0000E+00  1.8415E+02
  0.0000E+00 -3.5000E+01  1.5945E+02  9.6755E-01  0.0000E+00  0.0000E+00
  0.0000E+00  0.0000E+00
  1.0600E+02  3.4023E+02  3.4641E+02  6.0829E-04 -1.8667E+00 -2.3614E-04
  1.7485E+02  3.3737E+00 -1.3018E+00  9.7816E+01  0.0000E+00  1.8407E+02
  0.0000E+00 -3.5000E+01  1.5910E+02  9.6455E-01  0.0000E+00  0.0000E+00
  0.0000E+00  0.0000E+00
  1.0700E+02  3.3698E+02  3.4798E+02  5.0827E-04 -1.8507E+00  3.8905E-05
  1.7648E+02  3.3541E+00 -1.3022E+00  9.7391E+01  0.0000E+00  1.8399E+02
  0.0000E+00 -3.5000E+01  1.5932E+02  9.6754E-01  0.0000E+00  0.0000E+00
  0.0000E+00  0.0000E+00
  1.0800E+02  3.3370E+02  3.4944E+02  4.1226E-04 -1.8348E+00  2.8935E-04
  1.7811E+02  3.3353E+00 -1.3026E+00  9.6962E+01  0.0000E+00  1.8392E+02
  0.0000E+00 -3.5000E+01  1.5899E+02  9.6454E-01  0.0000E+00  0.0000E+00
  0.0000E+00  0.0000E+00
  1.0900E+02  3.3041E+02  3.5082E+02  3.1279E-04 -1.8189E+00  5.1476E-04
  1.7972E+02  3.3171E+00 -1.3030E+00  9.6530E+01  0.0000E+00  1.8383E+02
  0.0000E+00 -3.5000E+01  1.5921E+02  9.6753E-01  0.0000E+00  0.0000E+00
  0.0000E+00  0.0000E+00
##          0         101   20190918  160144
##      1    3789                                       


  1.1000E+02  3.2709E+02  3.5210E+02  2.0814E-04 -1.8029E+00  7.2683E-04
  1.8133E+02  3.2997E+00 -1.3032E+00  9.6096E+01  0.0000E+00  1.8376E+02
  0.0000E+00 -3.5000E+01  1.5888E+02  9.6453E-01  0.0000E+00  0.0000E+00
  0.0000E+00  0.0000E+00
  1.1100E+02  3.2376E+02  3.5329E+02  1.0331E-04 -1.7868E+00  9.3397E-04
  1.8293E+02  3.2829E+00 -1.3034E+00  9.5661E+01  0.0000E+00  1.8368E+02
  0.0000E+00 -3.5000E+01  1.5911E+02  9.6753E-01  0.0000E+00  0.0000E+00
  0.0000E+00  0.0000E+00
  1.1200E+02  3.2041E+02  3.5439E+02  4.0990E-06 -1.7708E+00  1.1495E-03
  1.8453E+02  3.2669E+00 -1.3035E+00  9.5226E+01  0.0000E+00  1.8360E+02
  0.0000E+00 -3.5000E+01  1.5878E+02  9.6452E-01  0.0000E+00  0.0000E+00
  0.0000E+00  0.0000E+00
  1.1300E+02  3.1704E+02  3.5540E+02 -8.4693E-05 -1.7553E+00  1.3766E-03
  1.8612E+02  3.2515E+00 -1.3035E+00  9.4791E+01  0.0000E+00  1.8352E+02
  0.0000E+00 -3.5000E+01  1.5901E+02  9.6752E-01  0.0000E+00  0.0000E+00
  0.0000E+00  0.0000E+00
  1.1400E+02  3.1367E+02  3.5631E+02 -1.6389E-04 -1.7403E+00  1.6201E-03
  1.8769E+02  3.2368E+00 -1.3034E+00  9.4358E+01  0.0000E+00  1.8345E+02
  0.0000E+00 -3.5000E+01  1.5869E+02  9.6452E-01  0.0000E+00  0.0000E+00
  0.0000E+00  0.0000E+00

  1.1500E+02  3.1028E+02  3.5713E+02 -2.3783E-04 -1.7262E+00  1.8717E-03
  1.8927E+02  3.2227E+00 -1.3032E+00  9.3925E+01  0.0000E+00  1.8337E+02
  0.0000E+00 -3.5000E+01  1.5892E+02  9.6752E-01  0.0000E+00  0.0000E+00
  0.0000E+00  0.0000E+00
  1.1600E+02  3.0689E+02  3.5786E+02 -3.1321E-04 -1.7124E+00  2.1243E-03
  1.9083E+02  3.2092E+00 -1.3030E+00  9.3494E+01  0.0000E+00  1.8330E+02
  0.0000E+00 -3.5000E+01  1.5860E+02  9.6451E-01  0.0000E+00  0.0000E+00
  0.0000E+00  0.0000E+00
  1.1700E+02  3.0349E+02  3.5850E+02 -3.9740E-04 -1.6986E+00  2.3566E-03
  1.9239E+02  3.1963E+00 -1.3028E+00  9.3063E+01  0.0000E+00  1.8323E+02
  0.0000E+00 -3.5000E+01  1.5884E+02  9.6751E-01  0.0000E+00  0.0000E+00
  0.0000E+00  0.0000E+00
  1.1800E+02  3.0009E+02  3.5906E+02 -4.9367E-04 -1.6845E+00  2.5540E-03
  1.9394E+02  3.1840E+00 -1.3027E+00  9.2632E+01  0.0000E+00  1.8315E+02
  0.0000E+00 -3.5000E+01  1.5852E+02  9.6451E-01  0.0000E+00  0.0000E+00
  0.0000E+00  0.0000E+00
  1.1900E+02  2.9669E+02  3.5952E+02 -5.9307E-04 -1.6702E+00  2.7097E-03
  1.9548E+02  3.1723E+00 -1.3025E+00  9.2203E+01  0.0000E+00  1.8308E+02
  0.0000E+00 -3.5000E+01  1.5877E+02  9.6751E-01  0.0000E+00  0.0000E+00
  0.0000E+00  0.0000E+00
##          0         101   20190918  160144
##      1    3789                                       


  1.2000E+02  2.9329E+02  3.5989E+02 -6.8012E-04 -1.6560E+00  2.8436E-03
  1.9702E+02  3.1611E+00 -1.3024E+00  9.1777E+01  0.0000E+00  1.8301E+02
  0.0000E+00 -3.5000E+01  1.5845E+02  9.6451E-01  0.0000E+00  0.0000E+00
  0.0000E+00  0.0000E+00
  1.2100E+02  2.8988E+02  3.6018E+02 -7.4164E-04 -1.6422E+00  2.9806E-03
  1.9855E+02  3.1505E+00 -1.3021E+00  9.1352E+01  0.0000E+00  1.8294E+02
  0.0000E+00 -3.5000E+01  1.5870E+02  9.6751E-01  0.0000E+00  0.0000E+00
  0.0000E+00  0.0000E+00
  1.2200E+02  2.8648E+02  3.6038E+02 -7.7803E-04 -1.6293E+00  3.1494E-03
  2.0007E+02  3.1404E+00 -1.3018E+00  9.0930E+01  0.0000E+00  1.8287E+02
  0.0000E+00 -3.5000E+01  1.5839E+02  9.6451E-01  0.0000E+00  0.0000E+00
  0.0000E+00  0.0000E+00
  1.2300E+02  2.8309E+02  3.6049E+02 -8.0204E-04 -1.6175E+00  3.3549E-03
  2.0159E+02  3.1308E+00 -1.3015E+00  9.0511E+01  0.0000E+00  1.8280E+02
  0.0000E+00 -3.5000E+01  1.5864E+02  9.6751E-01  0.0000E+00  0.0000E+00
  0.0000E+00  0.0000E+00
  1.2400E+02  2.7970E+02  3.6051E+02 -8.3283E-04 -1.6067E+00  3.5873E-03
  2.0310E+02  3.1217E+00 -1.3011E+00  9.0097E+01  0.0000E+00  1.8274E+02
  0.0000E+00 -3.5000E+01  1.5833E+02  9.6450E-01  0.0000E+00  0.0000E+00
  0.0000E+00  0.0000E+00

  1.2500E+02  2.7633E+02  3.6045E+02 -8.8325E-04 -1.5967E+00  3.8158E-03
  2.0460E+02  3.1130E+00 -1.3006E+00  8.9686E+01  0.0000E+00  1.8267E+02
  0.0000E+00 -3.5000E+01  1.5858E+02  9.6750E-01  0.0000E+00  0.0000E+00
  0.0000E+00  0.0000E+00
  1.2600E+02  2.7296E+02  3.6031E+02 -9.5464E-04 -1.5872E+00  4.0156E-03
  2.0609E+02  3.1048E+00 -1.3000E+00  8.9280E+01  0.0000E+00  1.8261E+02
  0.0000E+00 -3.5000E+01  1.5828E+02  9.6450E-01  0.0000E+00  0.0000E+00
  0.0000E+00  0.0000E+00
  1.2700E+02  2.6961E+02  3.6007E+02 -1.0354E-03 -1.5778E+00  4.1676E-03
  2.0758E+02  3.0971E+00 -1.2994E+00  8.8878E+01  0.0000E+00  1.8254E+02
  0.0000E+00 -3.5000E+01  1.5854E+02  9.6750E-01  0.0000E+00  0.0000E+00
  0.0000E+00  0.0000E+00
  1.2800E+02  2.6627E+02  3.5976E+02 -1.1099E-03 -1.5684E+00  4.2784E-03
  2.0906E+02  3.0898E+00 -1.2987E+00  8.8482E+01  0.0000E+00  1.8248E+02
  0.0000E+00 -3.5000E+01  1.5823E+02  9.6450E-01  0.0000E+00  0.0000E+00
  0.0000E+00  0.0000E+00
  1.2900E+02  2.6294E+02  3.5936E+02 -1.1659E-03 -1.5590E+00  4.3628E-03
  2.1053E+02  3.0830E+00 -1.2979E+00  8.8092E+01  0.0000E+00  1.8241E+02
  0.0000E+00 -3.5000E+01  1.5849E+02  9.6750E-01  0.0000E+00  0.0000E+00
  0.0000E+00  0.0000E+00
##          0         101   20190918  160144
##      1    3789                                       


  1.3000E+02  2.5963E+02  3.5888E+02 -1.2017E-03 -1.5496E+00  4.4483E-03
  2.1200E+02  3.0765E+00 -1.2971E+00  8.7707E+01  0.0000E+00  1.8235E+02
  0.0000E+00 -3.5000E+01  1.5819E+02  9.6450E-01  0.0000E+00  0.0000E+00
  0.0000E+00  0.0000E+00
  1.3100E+02  2.5635E+02  3.5832E+02 -1.2239E-03 -1.5404E+00  4.5497E-03
  2.1346E+02  3.0705E+00 -1.2961E+00  8.7329E+01  0.0000E+00  1.8229E+02
  0.0000E+00 -3.5000E+01  1.5845E+02  9.6750E-01  0.0000E+00  0.0000E+00
  0.0000E+00  0.0000E+00
  1.3200E+02  2.5308E+02  3.5767E+02 -1.2443E-03 -1.5317E+00  4.6765E-03
  2.1492E+02  3.0649E+00 -1.2950E+00  8.6957E+01  0.0000E+00  1.8223E+02
  0.0000E+00 -3.5000E+01  1.5816E+02  9.6450E-01  0.0000E+00  0.0000E+00
  0.0000E+00  0.0000E+00
  1.3300E+02  2.4983E+02  3.5695E+02 -1.2715E-03 -1.5234E+00  4.8189E-03
  2.1637E+02  3.0597E+00 -1.2938E+00  8.6592E+01  0.0000E+00  1.8217E+02
  0.0000E+00 -3.5000E+01  1.5842E+02  9.6750E-01  0.0000E+00  0.0000E+00
  0.0000E+00  0.0000E+00
  1.3400E+02  2.4661E+02  3.5615E+02 -1.3093E-03 -1.5157E+00  4.9663E-03
  2.1781E+02  3.0548E+00 -1.2926E+00  8.6234E+01  0.0000E+00  1.8211E+02
  0.0000E+00 -3.5000E+01  1.5813E+02  9.6450E-01  0.0000E+00  0.0000E+00
  0.0000E+00  0.0000E+00

  1.3500E+02  2.4342E+02  3.5526E+02 -1.3538E-03 -1.5085E+00  5.1012E-03
  2.1925E+02  3.0503E+00 -1.2912E+00  8.5883E+01  0.0000E+00  1.8206E+02
  0.0000E+00 -3.5000E+01  1.5839E+02  9.6750E-01  0.0000E+00  0.0000E+00
  0.0000E+00  0.0000E+00
  1.3600E+02  2.4025E+02  3.5430E+02 -1.3993E-03 -1.5016E+00  5.2184E-03
  2.2068E+02  3.0461E+00 -1.2898E+00  8.5539E+01  0.0000E+00  1.8200E+02
  0.0000E+00 -3.5000E+01  1.5810E+02  9.6450E-01  0.0000E+00  0.0000E+00
  0.0000E+00  0.0000E+00
  1.3700E+02  2.3711E+02  3.5327E+02 -1.4394E-03 -1.4949E+00  5.3134E-03
  2.2211E+02  3.0423E+00 -1.2882E+00  8.5204E+01  0.0000E+00  1.8194E+02
  0.0000E+00 -3.5000E+01  1.5836E+02  9.6750E-01  0.0000E+00  0.0000E+00
  0.0000E+00  0.0000E+00
  1.3800E+02  2.3400E+02  3.5215E+02 -1.4719E-03 -1.4882E+00  5.3946E-03
  2.2353E+02  3.0388E+00 -1.2866E+00  8.4876E+01  0.0000E+00  1.8189E+02
  0.0000E+00 -3.5000E+01  1.5808E+02  9.6450E-01  0.0000E+00  0.0000E+00
  0.0000E+00  0.0000E+00
  1.3900E+02  2.3093E+02  3.5096E+02 -1.4972E-03 -1.4817E+00  5.4666E-03
  2.2494E+02  3.0357E+00 -1.2849E+00  8.4556E+01  0.0000E+00  1.8183E+02
  0.0000E+00 -3.5000E+01  1.5834E+02  9.6750E-01  0.0000E+00  0.0000E+00
  0.0000E+00  0.0000E+00
##          0         101   20190918  160144
##      1    3789                                       


  1.4000E+02  2.2788E+02  3.4970E+02 -1.5195E-03 -1.4752E+00  5.5421E-03
  2.2635E+02  3.0329E+00 -1.2831E+00  8.4245E+01  0.0000E+00  1.8178E+02
  0.0000E+00 -3.5000E+01  1.5806E+02  9.6450E-01  0.0000E+00  0.0000E+00
  0.0000E+00  0.0000E+00
  1.4100E+02  2.2488E+02  3.4836E+02 -1.5421E-03 -1.4688E+00  5.6227E-03
  2.2775E+02  3.0304E+00 -1.2813E+00  8.3943E+01  0.0000E+00  1.8173E+02
  0.0000E+00 -3.5000E+01  1.5833E+02  9.6750E-01  0.0000E+00  0.0000E+00
  0.0000E+00  0.0000E+00
  1.4200E+02  2.2191E+02  3.4695E+02 -1.5677E-03 -1.4625E+00  5.7114E-03
  2.2915E+02  3.0282E+00 -1.2793E+00  8.3649E+01  0.0000E+00  1.8168E+02
  0.0000E+00 -3.5000E+01  1.5804E+02  9.6450E-01  0.0000E+00  0.0000E+00
  0.0000E+00  0.0000E+00
  1.4300E+02  2.1897E+02  3.4547E+02 -1.5952E-03 -1.4565E+00  5.8011E-03
  2.3055E+02  3.0263E+00 -1.2773E+00  8.3364E+01  0.0000E+00  1.8163E+02
  0.0000E+00 -3.5000E+01  1.5831E+02  9.6750E-01  0.0000E+00  0.0000E+00
  0.0000E+00  0.0000E+00
  1.4400E+02  2.1608E+02  3.4392E+02 -1.6227E-03 -1.4508E+00  5.8915E-03
  2.3194E+02  3.0247E+00 -1.2753E+00  8.3089E+01  0.0000E+00  1.8158E+02
  0.0000E+00 -3.5000E+01  1.5803E+02  9.6450E-01  0.0000E+00  0.0000E+00
  0.0000E+00  0.0000E+00

  1.4500E+02  2.1323E+02  3.4229E+02 -1.6473E-03 -1.4454E+00  5.9770E-03
  2.3332E+02  3.0234E+00 -1.2731E+00  8.2821E+01  0.0000E+00  1.8153E+02
  0.0000E+00 -3.5000E+01  1.5831E+02  9.6750E-01  0.0000E+00  0.0000E+00
  0.0000E+00  0.0000E+00
  1.4600E+02  2.1042E+02  3.4060E+02 -1.6688E-03 -1.4402E+00  6.0608E-03
  2.3470E+02  3.0224E+00 -1.2709E+00  8.2559E+01  0.0000E+00  1.8149E+02
  0.0000E+00 -3.5000E+01  1.5802E+02  9.6450E-01  0.0000E+00  0.0000E+00
  0.0000E+00  0.0000E+00
  1.4700E+02  2.0765E+02  3.3884E+02 -1.6875E-03 -1.4354E+00  6.1392E-03
  2.3608E+02  3.0216E+00 -1.2687E+00  8.2305E+01  0.0000E+00  1.8144E+02
  0.0000E+00 -3.5000E+01  1.5830E+02  9.6750E-01  0.0000E+00  0.0000E+00
  0.0000E+00  0.0000E+00
  1.4800E+02  2.0493E+02  3.3702E+02 -1.7059E-03 -1.4308E+00  6.2149E-03
  2.3745E+02  3.0211E+00 -1.2664E+00  8.2059E+01  0.0000E+00  1.8140E+02
  0.0000E+00 -3.5000E+01  1.5802E+02  9.6450E-01  0.0000E+00  0.0000E+00
  0.0000E+00  0.0000E+00
  1.4900E+02  2.0226E+02  3.3512E+02 -1.7246E-03 -1.4263E+00  6.2831E-03
  2.3882E+02  3.0209E+00 -1.2640E+00  8.1819E+01  0.0000E+00  1.8135E+02
  0.0000E+00 -3.5000E+01  1.5830E+02  9.6750E-01  0.0000E+00  0.0000E+00
  0.0000E+00  0.0000E+00
##          0         101   20190918  160144
##      1    3789                                       


  1.5000E+02  1.9963E+02  3.3317E+02 -1.7441E-03 -1.4219E+00  6.3468E-03
  2.4019E+02  3.0209E+00 -1.2616E+00  8.1587E+01  0.0000E+00  1.8131E+02
  0.0000E+00 -3.5000E+01  1.5802E+02  9.6450E-01  0.0000E+00  0.0000E+00
  0.0000E+00  0.0000E+00
  1.5100E+02  1.9705E+02  3.3115E+02 -1.7628E-03 -1.4177E+00  6.4037E-03
  2.4155E+02  3.0211E+00 -1.2592E+00  8.1363E+01  0.0000E+00  1.8127E+02
  0.0000E+00 -3.5000E+01  1.5830E+02  9.6750E-01  0.0000E+00  0.0000E+00
  0.0000E+00  0.0000E+00
  1.5200E+02  1.9453E+02  3.2907E+02 -1.7795E-03 -1.4136E+00  6.4589E-03
  2.4290E+02  3.0216E+00 -1.2567E+00  8.1147E+01  0.0000E+00  1.8123E+02
  0.0000E+00 -3.5000E+01  1.5802E+02  9.6450E-01  0.0000E+00  0.0000E+00
  0.0000E+00  0.0000E+00
  1.5300E+02  1.9205E+02  3.2693E+02 -1.7931E-03 -1.4097E+00  6.5112E-03
  2.4426E+02  3.0222E+00 -1.2541E+00  8.0938E+01  0.0000E+00  1.8119E+02
  0.0000E+00 -3.5000E+01  1.5830E+02  9.6750E-01  0.0000E+00  0.0000E+00
  0.0000E+00  0.0000E+00
  1.5400E+02  1.8963E+02  3.2473E+02 -1.8045E-03 -1.4059E+00  6.5650E-03
  2.4561E+02  3.0231E+00 -1.2515E+00  8.0737E+01  0.0000E+00  1.8115E+02
  0.0000E+00 -3.5000E+01  1.5803E+02  9.6450E-01  0.0000E+00  0.0000E+00
  0.0000E+00  0.0000E+00

  1.5500E+02  1.8727E+02  3.2247E+02 -1.8144E-03 -1.4024E+00  6.6170E-03
  2.4695E+02  3.0242E+00 -1.2488E+00  8.0545E+01  0.0000E+00  1.8111E+02
  0.0000E+00 -3.5000E+01  1.5831E+02  9.6750E-01  0.0000E+00  0.0000E+00
  0.0000E+00  0.0000E+00
  1.5600E+02  1.8495E+02  3.2015E+02 -1.8245E-03 -1.3989E+00  6.6693E-03
  2.4830E+02  3.0255E+00 -1.2462E+00  8.0360E+01  0.0000E+00  1.8107E+02
  0.0000E+00 -3.5000E+01  1.5803E+02  9.6450E-01  0.0000E+00  0.0000E+00
  0.0000E+00  0.0000E+00
  1.5700E+02  1.8270E+02  3.1778E+02 -1.8347E-03 -1.3957E+00  6.7169E-03
  2.4964E+02  3.0269E+00 -1.2434E+00  8.0184E+01  0.0000E+00  1.8104E+02
  0.0000E+00 -3.5000E+01  1.5832E+02  9.6750E-01  0.0000E+00  0.0000E+00
  0.0000E+00  0.0000E+00
  1.5800E+02  1.8051E+02  3.1535E+02 -1.8453E-03 -1.3925E+00  6.7619E-03
  2.5098E+02  3.0286E+00 -1.2407E+00  8.0016E+01  0.0000E+00  1.8101E+02
  0.0000E+00 -3.5000E+01  1.5804E+02  9.6450E-01  0.0000E+00  0.0000E+00
  0.0000E+00  0.0000E+00
  1.5900E+02  1.7837E+02  3.1287E+02 -1.8547E-03 -1.3896E+00  6.8006E-03
  2.5231E+02  3.0304E+00 -1.2379E+00  7.9856E+01  0.0000E+00  1.8097E+02
  0.0000E+00 -3.5000E+01  1.5833E+02  9.6750E-01  0.0000E+00  0.0000E+00
  0.0000E+00  0.0000E+00
##          0         101   20190918  160144
##      1    3789                                       


  1.6000E+02  1.7629E+02  3.1034E+02 -1.8627E-03 -1.3867E+00  6.8370E-03
  2.5364E+02  3.0324E+00 -1.2350E+00  7.9705E+01  0.0000E+00  1.8094E+02
  0.0000E+00 -3.5000E+01  1.5805E+02  9.6450E-01  0.0000E+00  0.0000E+00
  0.0000E+00  0.0000E+00
  1.6100E+02  1.7428E+02  3.0776E+02 -1.8686E-03 -1.3839E+00  6.8687E-03
  2.5497E+02  3.0345E+00 -1.2322E+00  7.9562E+01  0.0000E+00  1.8091E+02
  0.0000E+00 -3.5000E+01  1.5834E+02  9.6750E-01  0.0000E+00  0.0000E+00
  0.0000E+00  0.0000E+00
  1.6200E+02  1.7233E+02  3.0513E+02 -1.8731E-03 -1.3812E+00  6.9002E-03
  2.5630E+02  3.0368E+00 -1.2293E+00  7.9427E+01  0.0000E+00  1.8088E+02
  0.0000E+00 -3.5000E+01  1.5807E+02  9.6450E-01  0.0000E+00  0.0000E+00
  0.0000E+00  0.0000E+00
  1.6300E+02  1.7044E+02  3.0245E+02 -1.8762E-03 -1.3787E+00  6.9287E-03
  2.5763E+02  3.0393E+00 -1.2264E+00  7.9301E+01  0.0000E+00  1.8085E+02
  0.0000E+00 -3.5000E+01  1.5835E+02  9.6750E-01  0.0000E+00  0.0000E+00
  0.0000E+00  0.0000E+00
  1.6400E+02  1.6862E+02  2.9972E+02 -1.8792E-03 -1.3761E+00  6.9575E-03
  2.5895E+02  3.0418E+00 -1.2236E+00  7.9182E+01  0.0000E+00  1.8082E+02
  0.0000E+00 -3.5000E+01  1.5808E+02  9.6450E-01  0.0000E+00  0.0000E+00
  0.0000E+00  0.0000E+00

  1.6500E+02  1.6686E+02  2.9696E+02 -1.8844E-03 -1.3732E+00  6.9792E-03
  2.6027E+02  3.0445E+00 -1.2209E+00  7.9070E+01  0.0000E+00  1.8080E+02
  0.0000E+00 -3.5000E+01  1.5837E+02  9.6750E-01  0.0000E+00  0.0000E+00
  0.0000E+00  0.0000E+00
  1.6600E+02  1.6517E+02  2.9414E+02 -1.8948E-03 -1.3698E+00  6.9917E-03
  2.6159E+02  3.0473E+00 -1.2182E+00  7.8964E+01  0.0000E+00  1.8077E+02
  0.0000E+00 -3.5000E+01  1.5810E+02  9.6450E-01  0.0000E+00  0.0000E+00
  0.0000E+00  0.0000E+00
  1.6700E+02  1.6354E+02  2.9129E+02 -1.9071E-03 -1.3662E+00  6.9903E-03
  2.6291E+02  3.0502E+00 -1.2156E+00  7.8866E+01  0.0000E+00  1.8075E+02
  0.0000E+00 -3.5000E+01  1.5839E+02  9.6750E-01  0.0000E+00  0.0000E+00
  0.0000E+00  0.0000E+00
  1.6800E+02  1.6199E+02  2.8840E+02 -1.9147E-03 -1.3626E+00  6.9851E-03
  2.6422E+02  3.0533E+00 -1.2130E+00  7.8773E+01  0.0000E+00  1.8073E+02
  0.0000E+00 -3.5000E+01  1.5812E+02  9.6450E-01  0.0000E+00  0.0000E+00
  0.0000E+00  0.0000E+00
  1.6900E+02  1.6050E+02  2.8547E+02 -1.9109E-03 -1.3592E+00  6.9848E-03
  2.6554E+02  3.0564E+00 -1.2105E+00  7.8686E+01  0.0000E+00  1.8071E+02
  0.0000E+00 -3.5000E+01  1.5841E+02  9.6750E-01  0.0000E+00  0.0000E+00
  0.0000E+00  0.0000E+00
##          0         101   20190918  160144
##      1    3789                                       


  1.7000E+02  1.5908E+02  2.8250E+02 -1.8956E-03 -1.3563E+00  7.0027E-03
  2.6685E+02  3.0596E+00 -1.2081E+00  7.8606E+01  0.0000E+00  1.8069E+02
  0.0000E+00 -3.5000E+01  1.5814E+02  9.6450E-01  0.0000E+00  0.0000E+00
  0.0000E+00  0.0000E+00
  1.7100E+02  1.5774E+02  2.7950E+02 -1.8742E-03 -1.3540E+00  7.0376E-03
  2.6816E+02  3.0628E+00 -1.2057E+00  7.8532E+01  0.0000E+00  1.8067E+02
  0.0000E+00 -3.5000E+01  1.5843E+02  9.6750E-01  0.0000E+00  0.0000E+00
  0.0000E+00  0.0000E+00
  1.7200E+02  1.5646E+02  2.7646E+02 -1.8567E-03 -1.3522E+00  7.0854E-03
  2.6947E+02  3.0661E+00 -1.2034E+00  7.8463E+01  0.0000E+00  1.8065E+02
  0.0000E+00 -3.5000E+01  1.5816E+02  9.6450E-01  0.0000E+00  0.0000E+00
  0.0000E+00  0.0000E+00
  1.7300E+02  1.5526E+02  2.7339E+02 -1.8492E-03 -1.3507E+00  7.1285E-03
  2.7078E+02  3.0695E+00 -1.2011E+00  7.8400E+01  0.0000E+00  1.8064E+02
  0.0000E+00 -3.5000E+01  1.5845E+02  9.6750E-01  0.0000E+00  0.0000E+00
  0.0000E+00  0.0000E+00
  1.7400E+02  1.5413E+02  2.7030E+02 -1.8530E-03 -1.3494E+00  7.1566E-03
  2.7209E+02  3.0729E+00 -1.1989E+00  7.8343E+01  0.0000E+00  1.8062E+02
  0.0000E+00 -3.5000E+01  1.5818E+02  9.6450E-01  0.0000E+00  0.0000E+00
  0.0000E+00  0.0000E+00

  1.7500E+02  1.5307E+02  2.6717E+02 -1.8621E-03 -1.3481E+00  7.1597E-03
  2.7340E+02  3.0764E+00 -1.1968E+00  7.8291E+01  0.0000E+00  1.8061E+02
  0.0000E+00 -3.5000E+01  1.5847E+02  9.6750E-01  0.0000E+00  0.0000E+00
  0.0000E+00  0.0000E+00
  1.7600E+02  1.5209E+02  2.6402E+02 -1.8690E-03 -1.3467E+00  7.1438E-03
  2.7471E+02  3.0798E+00 -1.1947E+00  7.8244E+01  0.0000E+00  1.8060E+02
  0.0000E+00 -3.5000E+01  1.5820E+02  9.6450E-01  0.0000E+00  0.0000E+00
  0.0000E+00  0.0000E+00
  1.7700E+02  1.5118E+02  2.6084E+02 -1.8668E-03 -1.3452E+00  7.1161E-03
  2.7601E+02  3.0834E+00 -1.1927E+00  7.8203E+01  0.0000E+00  1.8059E+02
  0.0000E+00 -3.5000E+01  1.5849E+02  9.6750E-01  0.0000E+00  0.0000E+00
  0.0000E+00  0.0000E+00
  1.7800E+02  1.5035E+02  2.5764E+02 -1.8545E-03 -1.3436E+00  7.0925E-03
  2.7732E+02  3.0869E+00 -1.1908E+00  7.8167E+01  0.0000E+00  1.8058E+02
  0.0000E+00 -3.5000E+01  1.5822E+02  9.6450E-01  0.0000E+00  0.0000E+00
  0.0000E+00  0.0000E+00
  1.7900E+02  1.4959E+02  2.5442E+02 -1.8356E-03 -1.3421E+00  7.0790E-03
  2.7863E+02  3.0905E+00 -1.1889E+00  7.8135E+01  0.0000E+00  1.8057E+02
  0.0000E+00 -3.5000E+01  1.5851E+02  9.6750E-01  0.0000E+00  0.0000E+00
  0.0000E+00  0.0000E+00
##          0         101   20190918  160144
##      1    3789                                       


  1.8000E+02  1.4891E+02  2.5118E+02 -1.8164E-03 -1.3408E+00  7.0813E-03
  2.7993E+02  3.0941E+00 -1.1870E+00  7.8109E+01  0.0000E+00  1.8056E+02
  0.0000E+00 -3.5000E+01  1.5824E+02  9.6450E-01  0.0000E+00  0.0000E+00
  0.0000E+00  0.0000E+00
  1.8100E+02  1.4831E+02  2.4792E+02 -1.8016E-03 -1.3398E+00  7.0921E-03
  2.8123E+02  3.0977E+00 -1.1852E+00  7.8087E+01  0.0000E+00  1.8055E+02
  0.0000E+00 -3.5000E+01  1.5853E+02  9.6750E-01  0.0000E+00  0.0000E+00
  0.0000E+00  0.0000E+00
  1.8200E+02  1.4778E+02  2.4464E+02 -1.7931E-03 -1.3391E+00  7.1066E-03
  2.8254E+02  3.1014E+00 -1.1835E+00  7.8069E+01  0.0000E+00  1.8054E+02
  0.0000E+00 -3.5000E+01  1.5827E+02  9.6450E-01  0.0000E+00  0.0000E+00
  0.0000E+00  0.0000E+00
  1.8300E+02  1.4733E+02  2.4135E+02 -1.7889E-03 -1.3385E+00  7.1139E-03
  2.8384E+02  3.1050E+00 -1.1818E+00  7.8056E+01  0.0000E+00  1.8053E+02
  0.0000E+00 -3.5000E+01  1.5856E+02  9.6750E-01  0.0000E+00  0.0000E+00
  0.0000E+00  0.0000E+00
  1.8400E+02  1.4695E+02  2.3805E+02 -1.7859E-03 -1.3381E+00  7.1127E-03
  2.8514E+02  3.1086E+00 -1.1801E+00  7.8048E+01  0.0000E+00  1.8053E+02
  0.0000E+00 -3.5000E+01  1.5829E+02  9.6450E-01  0.0000E+00  0.0000E+00
  0.0000E+00  0.0000E+00

  1.8500E+02  1.4666E+02  2.3473E+02 -1.7804E-03 -1.3378E+00  7.0997E-03
  2.8645E+02  3.1122E+00 -1.1785E+00  7.8043E+01  0.0000E+00  1.8052E+02
  0.0000E+00 -3.5000E+01  1.5858E+02  9.6750E-01  0.0000E+00  0.0000E+00
  0.0000E+00  0.0000E+00
  1.8600E+02  1.4644E+02  2.3141E+02 -1.7715E-03 -1.3374E+00  7.0813E-03
  2.8775E+02  3.1157E+00 -1.1770E+00  7.8042E+01  0.0000E+00  1.8052E+02
  0.0000E+00 -3.5000E+01  1.5831E+02  9.6450E-01  0.0000E+00  0.0000E+00
  0.0000E+00  0.0000E+00
  1.8700E+02  1.4630E+02  2.2808E+02 -1.7590E-03 -1.3371E+00  7.0585E-03
  2.8905E+02  3.1193E+00 -1.1755E+00  7.8046E+01  0.0000E+00  1.8052E+02
  0.0000E+00 -3.5000E+01  1.5860E+02  9.6750E-01  0.0000E+00  0.0000E+00
  0.0000E+00  0.0000E+00
  1.8800E+02  1.4624E+02  2.2475E+02 -1.7455E-03 -1.3367E+00  7.0387E-03
  2.9036E+02  3.1229E+00 -1.1741E+00  7.8053E+01  0.0000E+00  1.8052E+02
  0.0000E+00 -3.5000E+01  1.5833E+02  9.6450E-01  0.0000E+00  0.0000E+00
  0.0000E+00  0.0000E+00
  1.8900E+02  1.4625E+02  2.2141E+02 -1.7319E-03 -1.3364E+00  7.0209E-03
  2.9166E+02  3.1264E+00 -1.1727E+00  7.8064E+01  0.0000E+00  1.8051E+02
  0.0000E+00 -3.5000E+01  1.5862E+02  9.6750E-01  0.0000E+00  0.0000E+00
  0.0000E+00  0.0000E+00
##          0         101   20190918  160145
##      1    3789                                       


  1.9000E+02  1.4635E+02  2.1807E+02 -1.7196E-03 -1.3362E+00  7.0083E-03
  2.9297E+02  3.1299E+00 -1.1714E+00  7.8078E+01  0.0000E+00  1.8051E+02
  0.0000E+00 -3.5000E+01  1.5835E+02  9.6450E-01  0.0000E+00  0.0000E+00
  0.0000E+00  0.0000E+00
  1.9100E+02  1.4652E+02  2.1473E+02 -1.7083E-03 -1.3361E+00  6.9964E-03
  2.9427E+02  3.1333E+00 -1.1701E+00  7.8095E+01  0.0000E+00  1.8051E+02
  0.0000E+00 -3.5000E+01  1.5864E+02  9.6750E-01  0.0000E+00  0.0000E+00
  0.0000E+00  0.0000E+00
  1.9200E+02  1.4678E+02  2.1140E+02 -1.6978E-03 -1.3362E+00  6.9865E-03
  2.9557E+02  3.1368E+00 -1.1688E+00  7.8116E+01  0.0000E+00  1.8051E+02
  0.0000E+00 -3.5000E+01  1.5837E+02  9.6450E-01  0.0000E+00  0.0000E+00
  0.0000E+00  0.0000E+00
  1.9300E+02  1.4711E+02  2.0806E+02 -1.6872E-03 -1.3364E+00  6.9739E-03
  2.9688E+02  3.1402E+00 -1.1677E+00  7.8140E+01  0.0000E+00  1.8051E+02
  0.0000E+00 -3.5000E+01  1.5866E+02  9.6750E-01  0.0000E+00  0.0000E+00
  0.0000E+00  0.0000E+00
  1.9400E+02  1.4752E+02  2.0474E+02 -1.6765E-03 -1.3366E+00  6.9605E-03
  2.9818E+02  3.1435E+00 -1.1665E+00  7.8167E+01  0.0000E+00  1.8052E+02
  0.0000E+00 -3.5000E+01  1.5840E+02  9.6450E-01  0.0000E+00  0.0000E+00
  0.0000E+00  0.0000E+00

  1.9500E+02  1.4800E+02  2.0142E+02 -1.6652E-03 -1.3370E+00  6.9424E-03
  2.9949E+02  3.1468E+00 -1.1654E+00  7.8197E+01  0.0000E+00  1.8052E+02
  0.0000E+00 -3.5000E+01  1.5868E+02  9.6750E-01  0.0000E+00  0.0000E+00
  0.0000E+00  0.0000E+00
  1.9600E+02  1.4857E+02  1.9811E+02 -1.6542E-03 -1.3373E+00  6.9234E-03
  3.0079E+02  3.1501E+00 -1.1644E+00  7.8230E+01  0.0000E+00  1.8052E+02
  0.0000E+00 -3.5000E+01  1.5842E+02  9.6450E-01  0.0000E+00  0.0000E+00
  0.0000E+00  0.0000E+00
  1.9700E+02  1.4921E+02  1.9481E+02 -1.6428E-03 -1.3377E+00  6.9008E-03
  3.0210E+02  3.1533E+00 -1.1634E+00  7.8265E+01  0.0000E+00  1.8052E+02
  0.0000E+00 -3.5000E+01  1.5870E+02  9.6750E-01  0.0000E+00  0.0000E+00
  0.0000E+00  0.0000E+00
  1.9800E+02  1.4993E+02  1.9153E+02 -1.6316E-03 -1.3381E+00  6.8788E-03
  3.0341E+02  3.1565E+00 -1.1624E+00  7.8303E+01  0.0000E+00  1.8053E+02
  0.0000E+00 -3.5000E+01  1.5844E+02  9.6450E-01  0.0000E+00  0.0000E+00
  0.0000E+00  0.0000E+00
  1.9900E+02  1.5073E+02  1.8826E+02 -1.6199E-03 -1.3386E+00  6.8551E-03
  3.0472E+02  3.1596E+00 -1.1615E+00  7.8343E+01  0.0000E+00  1.8053E+02
  0.0000E+00 -3.5000E+01  1.5872E+02  9.6750E-01  0.0000E+00  0.0000E+00
  0.0000E+00  0.0000E+00
##          0         101   20190918  160145
##      1    3789                                       


  2.0000E+02  1.5161E+02  1.8501E+02 -1.6082E-03 -1.3390E+00  6.8341E-03
  3.0603E+02  3.1626E+00 -1.1607E+00  7.8385E+01  0.0000E+00  1.8053E+02
  0.0000E+00 -3.5000E+01  1.5845E+02  9.6450E-01  0.0000E+00  0.0000E+00
  0.0000E+00  0.0000E+00
  2.0100E+02  1.5256E+02  1.8177E+02 -1.5960E-03 -1.3396E+00  6.8128E-03
  3.0733E+02  3.1656E+00 -1.1599E+00  7.8430E+01  0.0000E+00  1.8054E+02
  0.0000E+00 -3.5000E+01  1.5874E+02  9.6750E-01  0.0000E+00  0.0000E+00
  0.0000E+00  0.0000E+00
  2.0200E+02  1.5359E+02  1.7856E+02 -1.5843E-03 -1.3402E+00  6.7941E-03
  3.0864E+02  3.1686E+00 -1.1591E+00  7.8476E+01  0.0000E+00  1.8055E+02
  0.0000E+00 -3.5000E+01  1.5847E+02  9.6450E-01  0.0000E+00  0.0000E+00
  0.0000E+00  0.0000E+00
  2.0300E+02  1.5469E+02  1.7537E+02 -1.5728E-03 -1.3410E+00  6.7742E-03
  3.0996E+02  3.1715E+00 -1.1584E+00  7.8525E+01  0.0000E+00  1.8055E+02
  0.0000E+00 -3.5000E+01  1.5876E+02  9.6750E-01  0.0000E+00  0.0000E+00
  0.0000E+00  0.0000E+00
  2.0400E+02  1.5587E+02  1.7221E+02 -1.5621E-03 -1.3417E+00  6.7555E-03
  3.1127E+02  3.1743E+00 -1.1577E+00  7.8575E+01  0.0000E+00  1.8056E+02
  0.0000E+00 -3.5000E+01  1.5849E+02  9.6450E-01  0.0000E+00  0.0000E+00
  0.0000E+00  0.0000E+00

  2.0500E+02  1.5712E+02  1.6907E+02 -1.5515E-03 -1.3425E+00  6.7338E-03
  3.1258E+02  3.1770E+00 -1.1571E+00  7.8627E+01  0.0000E+00  1.8056E+02
  0.0000E+00 -3.5000E+01  1.5878E+02  9.6750E-01  0.0000E+00  0.0000E+00
  0.0000E+00  0.0000E+00
  2.0600E+02  1.5845E+02  1.6596E+02 -1.5417E-03 -1.3433E+00  6.7125E-03
  3.1389E+02  3.1797E+00 -1.1565E+00  7.8680E+01  0.0000E+00  1.8057E+02
  0.0000E+00 -3.5000E+01  1.5851E+02  9.6450E-01  0.0000E+00  0.0000E+00
  0.0000E+00  0.0000E+00
  2.0700E+02  1.5985E+02  1.6287E+02 -1.5318E-03 -1.3442E+00  6.6889E-03
  3.1521E+02  3.1824E+00 -1.1559E+00  7.8734E+01  0.0000E+00  1.8058E+02
  0.0000E+00 -3.5000E+01  1.5879E+02  9.6750E-01  0.0000E+00  0.0000E+00
  0.0000E+00  0.0000E+00
  2.0800E+02  1.6132E+02  1.5982E+02 -1.5227E-03 -1.3449E+00  6.6669E-03
  3.1652E+02  3.1849E+00 -1.1555E+00  7.8786E+01  0.0000E+00  1.8058E+02
  0.0000E+00 -3.5000E+01  1.5852E+02  9.6450E-01  0.0000E+00  0.0000E+00
  0.0000E+00  0.0000E+00
  2.0900E+02  1.6287E+02  1.5681E+02 -1.5147E-03 -1.3456E+00  6.6429E-03
  3.1784E+02  3.1875E+00 -1.1550E+00  7.8838E+01  0.0000E+00  1.8059E+02
  0.0000E+00 -3.5000E+01  1.5881E+02  9.6750E-01  0.0000E+00  0.0000E+00
  0.0000E+00  0.0000E+00
##          0         101   20190918  160145
##      1    3789                                       


  2.1000E+02  1.6448E+02  1.5383E+02 -1.5079E-03 -1.3462E+00  6.6203E-03
  3.1916E+02  3.1899E+00 -1.1547E+00  7.8890E+01  0.0000E+00  1.8060E+02
  0.0000E+00 -3.5000E+01  1.5854E+02  9.6450E-01  0.0000E+00  0.0000E+00
  0.0000E+00  0.0000E+00
  2.1100E+02  1.6617E+02  1.5088E+02 -1.5004E-03 -1.3469E+00  6.5967E-03
  3.2047E+02  3.1923E+00 -1.1544E+00  7.8940E+01  0.0000E+00  1.8061E+02
  0.0000E+00 -3.5000E+01  1.5883E+02  9.6750E-01  0.0000E+00  0.0000E+00
  0.0000E+00  0.0000E+00
  2.1200E+02  1.6792E+02  1.4797E+02 -1.4913E-03 -1.3477E+00  6.5775E-03
  3.2179E+02  3.1946E+00 -1.1541E+00  7.8991E+01  0.0000E+00  1.8061E+02
  0.0000E+00 -3.5000E+01  1.5855E+02  9.6450E-01  0.0000E+00  0.0000E+00
  0.0000E+00  0.0000E+00
  2.1300E+02  1.6975E+02  1.4511E+02 -1.4803E-03 -1.3487E+00  6.5607E-03
  3.2311E+02  3.1968E+00 -1.1538E+00  7.9040E+01  0.0000E+00  1.8062E+02
  0.0000E+00 -3.5000E+01  1.5884E+02  9.6750E-01  0.0000E+00  0.0000E+00
  0.0000E+00  0.0000E+00
  2.1400E+02  1.7164E+02  1.4228E+02 -1.4691E-03 -1.3497E+00  6.5493E-03
  3.2443E+02  3.1990E+00 -1.1536E+00  7.9089E+01  0.0000E+00  1.8063E+02
  0.0000E+00 -3.5000E+01  1.5857E+02  9.6450E-01  0.0000E+00  0.0000E+00
  0.0000E+00  0.0000E+00

  2.1500E+02  1.7360E+02  1.3950E+02 -1.4588E-03 -1.3509E+00  6.5376E-03
  3.2575E+02  3.2011E+00 -1.1535E+00  7.9138E+01  0.0000E+00  1.8064E+02
  0.0000E+00 -3.5000E+01  1.5885E+02  9.6750E-01  0.0000E+00  0.0000E+00
  0.0000E+00  0.0000E+00
  2.1600E+02  1.7562E+02  1.3676E+02 -1.4515E-03 -1.3522E+00  6.5263E-03
  3.2708E+02  3.2032E+00 -1.1533E+00  7.9185E+01  0.0000E+00  1.8065E+02
  0.0000E+00 -3.5000E+01  1.5858E+02  9.6450E-01  0.0000E+00  0.0000E+00
  0.0000E+00  0.0000E+00
  2.1700E+02  1.7771E+02  1.3407E+02 -1.4467E-03 -1.3534E+00  6.5097E-03
  3.2840E+02  3.2052E+00 -1.1532E+00  7.9233E+01  0.0000E+00  1.8065E+02
  0.0000E+00 -3.5000E+01  1.5886E+02  9.6750E-01  0.0000E+00  0.0000E+00
  0.0000E+00  0.0000E+00
  2.1800E+02  1.7986E+02  1.3143E+02 -1.4435E-03 -1.3547E+00  6.4899E-03
  3.2972E+02  3.2071E+00 -1.1531E+00  7.9279E+01  0.0000E+00  1.8066E+02
  0.0000E+00 -3.5000E+01  1.5859E+02  9.6450E-01  0.0000E+00  0.0000E+00
  0.0000E+00  0.0000E+00
  2.1900E+02  1.8207E+02  1.2884E+02 -1.4395E-03 -1.3559E+00  6.4647E-03
  3.3105E+02  3.2090E+00 -1.1531E+00  7.9325E+01  0.0000E+00  1.8067E+02
  0.0000E+00 -3.5000E+01  1.5888E+02  9.6750E-01  0.0000E+00  0.0000E+00
  0.0000E+00  0.0000E+00
##          0         101   20190918  160145
##      1    3789                                       


  2.2000E+02  1.8434E+02  1.2629E+02 -1.4343E-03 -1.3570E+00  6.4399E-03
  3.3237E+02  3.2108E+00 -1.1530E+00  7.9371E+01  0.0000E+00  1.8068E+02
  0.0000E+00 -3.5000E+01  1.5860E+02  9.6450E-01  0.0000E+00  0.0000E+00
  0.0000E+00  0.0000E+00
  2.2100E+02  1.8668E+02  1.2380E+02 -1.4271E-03 -1.3581E+00  6.4150E-03
  3.3370E+02  3.2125E+00 -1.1530E+00  7.9416E+01  0.0000E+00  1.8068E+02
  0.0000E+00 -3.5000E+01  1.5889E+02  9.6750E-01  0.0000E+00  0.0000E+00
  0.0000E+00  0.0000E+00
  2.2200E+02  1.8907E+02  1.2137E+02 -1.4194E-03 -1.3592E+00  6.3953E-03
  3.3502E+02  3.2142E+00 -1.1530E+00  7.9460E+01  0.0000E+00  1.8069E+02
  0.0000E+00 -3.5000E+01  1.5861E+02  9.6450E-01  0.0000E+00  0.0000E+00
  0.0000E+00  0.0000E+00
  2.2300E+02  1.9152E+02  1.1899E+02 -1.4117E-03 -1.3603E+00  6.3778E-03
  3.3635E+02  3.2158E+00 -1.1530E+00  7.9504E+01  0.0000E+00  1.8070E+02
  0.0000E+00 -3.5000E+01  1.5890E+02  9.6750E-01  0.0000E+00  0.0000E+00
  0.0000E+00  0.0000E+00
  2.2400E+02  1.9402E+02  1.1666E+02 -1.4056E-03 -1.3614E+00  6.3646E-03
  3.3768E+02  3.2173E+00 -1.1531E+00  7.9547E+01  0.0000E+00  1.8071E+02
  0.0000E+00 -3.5000E+01  1.5862E+02  9.6450E-01  0.0000E+00  0.0000E+00
  0.0000E+00  0.0000E+00

  2.2500E+02  1.9658E+02  1.1440E+02 -1.4009E-03 -1.3626E+00  6.3507E-03
  3.3901E+02  3.2188E+00 -1.1531E+00  7.9589E+01  0.0000E+00  1.8071E+02
  0.0000E+00 -3.5000E+01  1.5891E+02  9.6750E-01  0.0000E+00  0.0000E+00
  0.0000E+00  0.0000E+00
  2.2600E+02  1.9920E+02  1.1219E+02 -1.3977E-03 -1.3638E+00  6.3378E-03
  3.4034E+02  3.2203E+00 -1.1532E+00  7.9631E+01  0.0000E+00  1.8072E+02
  0.0000E+00 -3.5000E+01  1.5863E+02  9.6450E-01  0.0000E+00  0.0000E+00
  0.0000E+00  0.0000E+00
  2.2700E+02  2.0186E+02  1.1005E+02 -1.3949E-03 -1.3650E+00  6.3215E-03
  3.4167E+02  3.2217E+00 -1.1532E+00  7.9673E+01  0.0000E+00  1.8073E+02
  0.0000E+00 -3.5000E+01  1.5892E+02  9.6750E-01  0.0000E+00  0.0000E+00
  0.0000E+00  0.0000E+00
  2.2800E+02  2.0458E+02  1.0796E+02 -1.3925E-03 -1.3662E+00  6.3052E-03
  3.4300E+02  3.2230E+00 -1.1533E+00  7.9714E+01  0.0000E+00  1.8074E+02
  0.0000E+00 -3.5000E+01  1.5864E+02  9.6450E-01  0.0000E+00  0.0000E+00
  0.0000E+00  0.0000E+00
  2.2900E+02  2.0734E+02  1.0594E+02 -1.3896E-03 -1.3673E+00  6.2861E-03
  3.4433E+02  3.2243E+00 -1.1534E+00  7.9754E+01  0.0000E+00  1.8074E+02
  0.0000E+00 -3.5000E+01  1.5892E+02  9.6750E-01  0.0000E+00  0.0000E+00
  0.0000E+00  0.0000E+00
##          0         101   20190918  160145
##      1    3789                                       


  2.3000E+02  2.1015E+02  1.0399E+02 -1.3865E-03 -1.3684E+00  6.2684E-03
  3.4566E+02  3.2255E+00 -1.1535E+00  7.9794E+01  0.0000E+00  1.8075E+02
  0.0000E+00 -3.5000E+01  1.5865E+02  9.6450E-01  0.0000E+00  0.0000E+00
  0.0000E+00  0.0000E+00
  2.3100E+02  2.1301E+02  1.0210E+02 -1.3828E-03 -1.3695E+00  6.2500E-03
  3.4699E+02  3.2267E+00 -1.1536E+00  7.9833E+01  0.0000E+00  1.8076E+02
  0.0000E+00 -3.5000E+01  1.5893E+02  9.6750E-01  0.0000E+00  0.0000E+00
  0.0000E+00  0.0000E+00
  2.3200E+02  2.1591E+02  1.0027E+02 -1.3794E-03 -1.3705E+00  6.2345E-03
  3.4833E+02  3.2278E+00 -1.1537E+00  7.9872E+01  0.0000E+00  1.8076E+02
  0.0000E+00 -3.5000E+01  1.5865E+02  9.6450E-01  0.0000E+00  0.0000E+00
  0.0000E+00  0.0000E+00
  2.3300E+02  2.1886E+02  9.8518E+01 -1.3764E-03 -1.3716E+00  6.2191E-03
  3.4966E+02  3.2289E+00 -1.1538E+00  7.9910E+01  0.0000E+00  1.8077E+02
  0.0000E+00 -3.5000E+01  1.5894E+02  9.6750E-01  0.0000E+00  0.0000E+00
  0.0000E+00  0.0000E+00
  2.3400E+02  2.2184E+02  9.6830E+01 -1.3743E-03 -1.3726E+00  6.2065E-03
  3.5100E+02  3.2299E+00 -1.1540E+00  7.9948E+01  0.0000E+00  1.8078E+02
  0.0000E+00 -3.5000E+01  1.5866E+02  9.6450E-01  0.0000E+00  0.0000E+00
  0.0000E+00  0.0000E+00

  2.3500E+02  2.2487E+02  9.5213E+01 -1.3725E-03 -1.3737E+00  6.1930E-03
  3.5233E+02  3.2308E+00 -1.1541E+00  7.9985E+01  0.0000E+00  1.8078E+02
  0.0000E+00 -3.5000E+01  1.5894E+02  9.6750E-01  0.0000E+00  0.0000E+00
  0.0000E+00  0.0000E+00
  2.3600E+02  2.2793E+02  9.3666E+01 -1.3713E-03 -1.3747E+00  6.1815E-03
  3.5367E+02  3.2318E+00 -1.1542E+00  8.0022E+01  0.0000E+00  1.8079E+02
  0.0000E+00 -3.5000E+01  1.5867E+02  9.6450E-01  0.0000E+00  0.0000E+00
  0.0000E+00  0.0000E+00
  2.3700E+02  2.3103E+02  9.2191E+01 -1.3701E-03 -1.3757E+00  6.1682E-03
  3.5500E+02  3.2326E+00 -1.1544E+00  8.0058E+01  0.0000E+00  1.8080E+02
  0.0000E+00 -3.5000E+01  1.5895E+02  9.6750E-01  0.0000E+00  0.0000E+00
  0.0000E+00  0.0000E+00
  2.3800E+02  2.3416E+02  9.0788E+01 -1.3694E-03 -1.3767E+00  6.1562E-03
  3.5634E+02  3.2335E+00 -1.1545E+00  8.0093E+01  0.0000E+00  1.8080E+02
  0.0000E+00 -3.5000E+01  1.5867E+02  9.6450E-01  0.0000E+00  0.0000E+00
  0.0000E+00  0.0000E+00
  2.3900E+02  2.3733E+02  8.9458E+01 -1.3686E-03 -1.3777E+00  6.1421E-03
  3.5768E+02  3.2343E+00 -1.1547E+00  8.0129E+01  0.0000E+00  1.8081E+02
  0.0000E+00 -3.5000E+01  1.5895E+02  9.6750E-01  0.0000E+00  0.0000E+00
  0.0000E+00  0.0000E+00
##          0         101   20190918  160145
##      1    3789                                       


  2.4000E+02  2.4053E+02  8.8203E+01 -1.3681E-03 -1.3787E+00  6.1295E-03
  3.5902E+02  3.2350E+00 -1.1549E+00  8.0163E+01  0.0000E+00  1.8082E+02
  0.0000E+00 -3.5000E+01  1.5868E+02  9.6450E-01  0.0000E+00  0.0000E+00
  0.0000E+00  0.0000E+00
  2.4100E+02  2.4375E+02  8.7023E+01 -2.5349E-03 -1.3796E+00  6.5262E-03
  3.5574E-01  3.2357E+00 -1.1550E+00  8.0197E+01  0.0000E+00  1.8082E+02
  0.0000E+00 -3.5000E+01  1.5896E+02  9.6750E-01  0.0000E+00  0.0000E+00
  0.0000E+00  0.0000E+00
  2.4200E+02  2.4701E+02  8.5918E+01 -1.3669E-03 -1.3805E+00  6.1032E-03
  1.6953E+00  3.2364E+00 -1.1552E+00  8.0231E+01  0.0000E+00  1.8083E+02
  0.0000E+00 -3.5000E+01  1.5868E+02  9.6450E-01  0.0000E+00  0.0000E+00
  0.0000E+00  0.0000E+00
  2.4300E+02  2.5028E+02  8.4889E+01 -1.3663E-03 -1.3814E+00  6.0911E-03
  3.0354E+00  3.2370E+00 -1.1554E+00  8.0264E+01  0.0000E+00  1.8083E+02
  0.0000E+00 -3.5000E+01  1.5896E+02  9.6750E-01  0.0000E+00  0.0000E+00
  0.0000E+00  0.0000E+00
  2.4400E+02  2.5359E+02  8.3937E+01 -1.3663E-03 -1.3823E+00  6.0816E-03
  4.3760E+00  3.2376E+00 -1.1555E+00  8.0297E+01  0.0000E+00  1.8084E+02
  0.0000E+00 -3.5000E+01  1.5868E+02  9.6450E-01  0.0000E+00  0.0000E+00
  0.0000E+00  0.0000E+00

  2.4500E+02  2.5691E+02  8.3063E+01 -1.3668E-03 -1.3831E+00  6.0708E-03
  5.7172E+00  3.2381E+00 -1.1557E+00  8.0330E+01  0.0000E+00  1.8085E+02
  0.0000E+00 -3.5000E+01  1.5897E+02  9.6750E-01  0.0000E+00  0.0000E+00
  0.0000E+00  0.0000E+00
  2.4600E+02  2.6026E+02  8.2266E+01 -1.3680E-03 -1.3839E+00  6.0614E-03
  7.0589E+00  3.2386E+00 -1.1559E+00  8.0361E+01  0.0000E+00  1.8085E+02
  0.0000E+00 -3.5000E+01  1.5869E+02  9.6450E-01  0.0000E+00  0.0000E+00
  0.0000E+00  0.0000E+00
  2.4700E+02  2.6362E+02  8.1548E+01 -1.3692E-03 -1.3848E+00  6.0504E-03
  8.4012E+00  3.2391E+00 -1.1561E+00  8.0393E+01  0.0000E+00  1.8086E+02
  0.0000E+00 -3.5000E+01  1.5897E+02  9.6750E-01  0.0000E+00  0.0000E+00
  0.0000E+00  0.0000E+00
  2.4800E+02  2.6700E+02  8.0909E+01 -1.3706E-03 -1.3855E+00  6.0413E-03
  9.7440E+00  3.2395E+00 -1.1563E+00  8.0424E+01  0.0000E+00  1.8086E+02
  0.0000E+00 -3.5000E+01  1.5869E+02  9.6450E-01  0.0000E+00  0.0000E+00
  0.0000E+00  0.0000E+00
  2.4900E+02  2.7039E+02  8.0349E+01 -2.5415E-03 -1.3864E+00  6.4427E-03
  1.1087E+01  3.2399E+00 -1.1565E+00  8.0454E+01  0.0000E+00  2.5000E+02
  0.0000E+00 -3.5000E+01  1.6400E+02  1.2000E+00  0.0000E+00  0.0000E+00
  0.0000E+00  0.0000E+00
